0 0
10 4.79647
20 9.44724
30 13.9567
40 18.3292
50 22.5689
60 26.6798
70 30.6658
80 34.5307
90 38.2782
100 41.9119
110 45.4352
120 48.8515
130 52.164
140 55.3758
150 58.4901
160 61.5098
170 64.4378
180 67.2768
190 70.0296
200 72.6987
210 75.2868
220 77.7962
230 80.2295
240 82.5888
250 84.8764
260 87.0945
270 89.2453
280 91.3307
290 93.3528
300 95.3135
310 97.2145
320 99.0579
330 100.845
340 102.578
350 104.259
360 105.888
370 107.468
380 109
390 110.485
400 111.925
410 113.322
420 114.676
430 115.989
440 117.262
450 118.496
460 119.693
470 120.853
480 121.979
490 123.07
500 124.128
510 125.154
520 126.148
530 127.113
540 128.048
550 128.954
560 129.834
570 130.686
580 131.513
590 132.314
600 133.091
610 133.845
620 134.575
630 135.284
640 135.971
650 136.637
660 137.282
670 137.909
680 138.516
690 139.104
700 139.675
710 140.229
720 140.765
730 141.286
740 141.79
750 142.28
760 142.754
770 143.214
780 143.66
790 144.092
800 144.512
810 144.918
820 145.313
830 145.695
840 146.065
850 146.425
860 146.773
870 147.111
880 147.439
890 147.756
900 148.064
910 148.363
920 148.653
930 148.933
940 149.206
950 149.47
960 149.726
970 149.974
980 150.214
990 150.448
1000 150.674
1010 150.893
1020 151.106
1030 151.312
1040 151.512
1050 151.706
1060 151.894
1070 152.077
1080 152.253
1090 152.425
1100 152.591
1110 152.752
1120 152.908
1130 153.06
1140 153.207
1150 153.348
1160 153.479
1170 153.57
1180 153.552
1190 153.306
1200 152.702
1210 151.634
1220 150.066
1230 148.023
1240 145.575
1250 142.808
1260 139.806
1270 136.642
1280 133.374
1290 130.05
1300 126.702
1310 123.359
1320 120.038
1330 116.756
1340 113.522
1350 110.345
1360 107.23
1370 104.18
1380 101.2
1390 98.2889
1400 95.4495
1410 92.6815
1420 89.985
1430 87.3593
1440 84.8039
1450 82.3178
1460 79.8999
1470 77.5489
1480 75.2636
1490 73.0427
1500 70.8847
1510 68.7882
1520 66.7517
1530 64.7738
1540 62.853
1550 60.9878
1560 59.1768
1570 57.4187
1580 55.7118
1590 54.055
1600 52.4467
1610 50.8858
1620 49.3708
1630 47.9004
1640 46.4735
1650 45.0888
1660 43.7451
1670 42.4412
1680 41.1759
1690 39.9483
1700 38.7571
1710 37.6013
1720 36.48
1730 35.392
1740 34.3365
1750 33.3125
1760 32.319
1770 31.3551
1780 30.4201
1790 29.513
1800 28.633
1810 27.7793
1820 26.9512
1830 26.1478
1840 25.3685
1850 24.6125
1860 23.8792
1870 23.1679
1880 22.4778
1890 21.8085
1900 21.1592
1910 20.5294
1920 19.9185
1930 19.326
1940 18.7512
1950 18.1936
1960 17.6528
1970 17.1283
1980 16.6195
1990 16.126
2000 15.6473
2010 15.1829
2020 14.7326
2030 14.2958
2040 13.8721
2050 13.4611
2060 13.0625
2070 12.6758
2080 12.3008
2090 11.9371
2100 11.5843
2110 11.2421
2120 10.9102
2130 10.5885
2140 10.2769
2150 9.97555
2160 9.68457
2170 9.40393
2180 9.13362
2190 8.87361
2200 8.62385
2210 8.38425
2220 8.1547
2230 7.93511
2240 7.72533
2250 7.52523
2260 7.33466
2270 7.15344
2280 6.98142
2290 6.8184
2300 6.66421
2310 6.51867
2320 6.38158
2330 6.25278
2340 6.13212
2350 6.01944
2360 5.91464
2370 5.8176
2380 5.72826
2390 5.64656
2400 5.57244
2410 5.50589
2420 5.44689
2430 5.39545
2440 5.35159
2450 5.31534
2460 5.28675
2470 5.26586
2480 5.25277
2490 5.24754
2500 5.25028
2510 5.26109
2520 5.2801
2530 5.30746
2540 5.34329
2550 5.38778
2560 5.44109
2570 5.50341
2580 5.57496
2590 5.65593
2600 5.74657
2610 5.84712
2620 5.95784
2630 6.079
2640 6.21089
2650 6.3538
2660 6.50807
2670 6.674
2680 6.85196
2690 7.0423
2700 7.24539
2710 7.46162
2720 7.69138
2730 7.93509
2740 8.19319
2750 8.46609
2760 8.75426
2770 9.05816
2780 9.37826
2790 9.71503
2800 10.069
2810 10.4406
2820 10.8304
2830 11.2389
2840 11.6666
2850 12.1139
2860 12.5816
2870 13.07
2880 13.5796
2890 14.111
2900 14.6647
2910 15.2412
2920 15.8409
2930 16.4643
2940 17.1119
2950 17.7841
2960 18.4812
2970 19.2038
2980 19.9521
2990 20.7265
3000 21.5272
3010 22.3546
3020 23.2087
3030 24.0899
3040 24.9981
3050 25.9336
3060 26.8962
3070 27.8861
3080 28.903
3090 29.947
3100 31.0177
3110 32.1149
3120 33.2383
3130 34.3876
3140 35.5623
3150 36.7618
3160 37.9857
3170 39.2333
3180 40.504
3190 41.7969
3200 43.1113
3210 44.4464
3220 45.8012
3230 47.1747
3240 48.5659
3250 49.9736
3260 51.3965
3270 52.8332
3280 54.2821
3290 55.7418
3300 57.2107
3310 58.6871
3320 60.1696
3330 61.6565
3340 63.1464
3350 64.6378
3360 66.1293
3370 67.6195
3380 69.1071
3390 70.5909
3400 72.0697
3410 73.5423
3420 75.0078
3430 76.465
3440 77.913
3450 79.3509
3460 80.7778
3470 82.193
3480 83.5957
3490 84.9852
3500 86.3608
3510 87.7219
3520 89.068
3530 90.3985
3540 91.7129
3550 93.0108
3560 94.2918
3570 95.5555
3580 96.8016
3590 98.0297
3600 99.2395
3610 100.431
3620 101.604
3630 102.757
3640 103.892
3650 105.007
3660 106.103
3670 107.18
3680 108.237
3690 109.274
3700 110.291
3710 111.289
3720 112.266
3730 113.224
3740 114.162
3750 115.08
3760 115.978
3770 116.856
3780 117.714
3790 118.551
3800 119.369
3810 120.167
3820 120.945
3830 121.702
3840 122.439
3850 123.157
3860 123.854
3870 124.53
3880 125.186
3890 125.822
3900 126.436
3910 127.03
3920 127.603
3930 128.155
3940 128.685
3950 129.193
3960 129.679
3970 130.142
3980 130.582
3990 130.998
4000 131.391
4010 131.758
4020 132.1
4030 132.416
4040 132.705
4050 132.965
4060 133.197
4070 133.399
4080 133.569
4090 133.706
4100 133.81
4110 133.878
4120 133.909
4130 133.901
4140 133.853
4150 133.763
4160 133.628
4170 133.448
4180 133.22
4190 132.942
4200 132.612
4210 132.229
4220 131.79
4230 131.294
4240 130.739
4250 130.124
4260 129.446
4270 128.706
4280 127.903
4290 127.035
4300 126.103
4310 125.106
4320 124.045
4330 122.922
4340 121.735
4350 120.488
4360 119.183
4370 117.82
4380 116.403
4390 114.934
4400 113.416
4410 111.853
4420 110.248
4430 108.605
4440 106.926
4450 105.216
4460 103.479
4470 101.718
4480 99.9378
4490 98.1409
4500 96.3314
4510 94.5128
4520 92.6884
4530 90.8615
4540 89.0351
4550 87.212
4560 85.3951
4570 83.5868
4580 81.7894
4590 80.0052
4600 78.2362
4610 76.4841
4620 74.7507
4630 73.0374
4640 71.3455
4650 69.6763
4660 68.0308
4670 66.41
4680 64.8145
4690 63.2451
4700 61.7023
4710 60.1867
4720 58.6986
4730 57.2382
4740 55.8059
4750 54.4016
4760 53.0256
4770 51.6777
4780 50.358
4790 49.0663
4800 47.8025
4810 46.5665
4820 45.3579
4830 44.1766
4840 43.0222
4850 41.8945
4860 40.793
4870 39.7176
4880 38.6677
4890 37.643
4900 36.6431
4910 35.6676
4920 34.7161
4930 33.7882
4940 32.8833
4950 32.0012
4960 31.1413
4970 30.3032
4980 29.4865
4990 28.6907
5000 27.9154
5010 27.1602
5020 26.4246
5030 25.7081
5040 25.0105
5050 24.3312
5060 23.6699
5070 23.026
5080 22.3993
5090 21.7893
5100 21.1956
5110 20.6178
5120 20.0556
5130 19.5085
5140 18.9762
5150 18.4584
5160 17.9546
5170 17.4646
5180 16.988
5190 16.5244
5200 16.0735
5210 15.6351
5220 15.2087
5230 14.7941
5240 14.3911
5250 13.9992
5260 13.6182
5270 13.2478
5280 12.8878
5290 12.5379
5300 12.1978
5310 11.8673
5320 11.5461
5330 11.234
5340 10.9308
5350 10.6362
5360 10.3501
5370 10.0721
5380 9.80209
5390 9.53989
5400 9.28527
5410 9.03806
5420 8.79806
5430 8.56509
5440 8.33898
5450 8.11957
5460 7.90669
5470 7.70017
5480 7.49988
5490 7.30567
5500 7.11738
5510 6.9349
5520 6.75807
5530 6.58679
5540 6.42093
5550 6.26037
5560 6.10501
5570 5.95474
5580 5.80945
5590 5.66906
5600 5.53348
5610 5.40262
5620 5.2764
5630 5.15476
5640 5.03762
5650 4.92492
5660 4.81661
5670 4.71264
5680 4.61295
5690 4.51753
5700 4.42633
5710 4.33932
5720 4.2565
5730 4.17785
5740 4.10336
5750 4.03304
5760 3.9669
5770 3.90495
5780 3.84723
5790 3.79377
5800 3.74461
5810 3.69979
5820 3.65939
5830 3.62347
5840 3.59211
5850 3.5654
5860 3.54344
5870 3.52633
5880 3.5142
5890 3.50717
5900 3.50538
5910 3.50898
5920 3.51814
5930 3.53303
5940 3.55383
5950 3.58073
5960 3.61395
5970 3.65369
5980 3.70019
5990 3.75368
6000 3.81441
6010 3.88263
6020 3.95863
6030 4.04267
6040 4.13505
6050 4.23605
6060 4.34598
6070 4.46515
6080 4.59388
6090 4.73249
6100 4.8813
6110 5.04066
6120 5.2109
6130 5.39235
6140 5.58536
6150 5.79027
6160 6.00742
6170 6.23714
6180 6.47979
6190 6.73568
6200 7.00517
6210 7.28856
6220 7.5862
6230 7.89838
6240 8.22542
6250 8.56763
6260 8.92528
6270 9.29867
6280 9.68807
6290 10.0937
6300 10.5159
6310 10.9549
6320 11.4108
6330 11.8839
6340 12.3745
6350 12.8826
6360 13.4085
6370 13.9522
6380 14.514
6390 15.094
6400 15.6923
6410 16.3089
6420 16.944
6430 17.5975
6440 18.2696
6450 18.9602
6460 19.6693
6470 20.397
6480 21.1431
6490 21.9077
6500 22.6906
6510 23.4917
6520 24.3109
6530 25.1481
6540 26.0031
6550 26.8756
6560 27.7656
6570 28.6728
6580 29.5968
6590 30.5376
6600 31.4946
6610 32.4678
6620 33.4566
6630 34.4608
6640 35.48
6650 36.5137
6660 37.5617
6670 38.6234
6680 39.6983
6690 40.7861
6700 41.8863
6710 42.9982
6720 44.1215
6730 45.2556
6740 46.3999
6750 47.5539
6760 48.7169
6770 49.8885
6780 51.068
6790 52.2548
6800 53.4483
6810 54.6479
6820 55.8528
6830 57.0626
6840 58.2765
6850 59.4939
6860 60.7142
6870 61.9366
6880 63.1605
6890 64.3853
6900 65.6103
6910 66.8348
6920 68.0582
6930 69.2798
6940 70.4989
6950 71.7149
6960 72.9271
6970 74.1349
6980 75.3377
6990 76.5347
7000 77.7254
7010 78.9091
7020 80.0851
7030 81.253
7040 82.4119
7050 83.5613
7060 84.7007
7070 85.8293
7080 86.9466
7090 88.052
7100 89.1448
7110 90.2244
7120 91.2903
7130 92.3419
7140 93.3784
7150 94.3994
7160 95.4042
7170 96.3921
7180 97.3626
7190 98.3149
7200 99.2485
7210 100.163
7220 101.057
7230 101.93
7240 102.781
7250 103.61
7260 104.416
7270 105.198
7280 105.955
7290 106.687
7300 107.391
7310 108.068
7320 108.716
7330 109.334
7340 109.921
7350 110.476
7360 110.997
7370 111.483
7380 111.933
7390 112.344
7400 112.716
7410 113.047
7420 113.335
7430 113.578
7440 113.774
7450 113.922
7460 114.019
7470 114.064
7480 114.055
7490 113.989
7500 113.866
7510 113.683
7520 113.438
7530 113.13
7540 112.758
7550 112.32
7560 111.816
7570 111.244
7580 110.605
7590 109.898
7600 109.124
7610 108.283
7620 107.377
7630 106.405
7640 105.371
7650 104.276
7660 103.123
7670 101.914
7680 100.652
7690 99.3399
7700 97.9817
7710 96.5807
7720 95.1406
7730 93.665
7740 92.1579
7750 90.623
7760 89.0641
7770 87.485
7780 85.8894
7790 84.2807
7800 82.6625
7810 81.0381
7820 79.4105
7830 77.7828
7840 76.1577
7850 74.5378
7860 72.9256
7870 71.3233
7880 69.733
7890 68.1566
7900 66.5958
7910 65.0521
7920 63.527
7930 62.0216
7940 60.5372
7950 59.0746
7960 57.6346
7970 56.2181
7980 54.8257
7990 53.4577
8000 52.1147
8010 50.7969
8020 49.5046
8030 48.238
8040 46.9971
8050 45.782
8060 44.5927
8070 43.4291
8080 42.2911
8090 41.1785
8100 40.0911
8110 39.0287
8120 37.9911
8130 36.9779
8140 35.9889
8150 35.0237
8160 34.0819
8170 33.1633
8180 32.2675
8190 31.394
8200 30.5425
8210 29.7126
8220 28.9039
8230 28.1159
8240 27.3483
8250 26.6006
8260 25.8725
8270 25.1635
8280 24.4733
8290 23.8013
8300 23.1473
8310 22.5107
8320 21.8913
8330 21.2886
8340 20.7022
8350 20.1317
8360 19.5768
8370 19.0371
8380 18.5122
8390 18.0018
8400 17.5055
8410 17.0229
8420 16.5538
8430 16.0977
8440 15.6544
8450 15.2235
8460 14.8048
8470 14.3978
8480 14.0024
8490 13.6182
8500 13.2449
8510 12.8822
8520 12.5299
8530 12.1878
8540 11.8555
8550 11.5327
8560 11.2193
8570 10.9151
8580 10.6197
8590 10.3329
8600 10.0546
8610 9.78447
8620 9.52235
8630 9.26803
8640 9.02131
8650 8.78201
8660 8.54994
8670 8.32493
8680 8.10679
8690 7.89537
8700 7.69051
8710 7.49206
8720 7.29986
8730 7.11377
8740 6.93366
8750 6.7594
8760 6.59087
8770 6.42794
8780 6.27051
8790 6.11846
8800 5.9717
8810 5.83014
8820 5.69368
8830 5.56224
8840 5.43575
8850 5.31414
8860 5.19735
8870 5.08531
8880 4.97799
8890 4.87533
8900 4.77731
8910 4.68389
8920 4.59506
8930 4.5108
8940 4.43111
8950 4.35599
8960 4.28545
8970 4.21952
8980 4.15822
8990 4.10161
9000 4.04971
9010 4.00261
9020 3.96037
9030 3.92307
9040 3.89081
9050 3.86369
9060 3.84184
9070 3.82539
9080 3.81448
9090 3.80928
9100 3.80996
9110 3.81672
9120 3.82976
9130 3.84931
9140 3.87561
9150 3.90892
9160 3.94952
9170 3.9977
9180 4.05379
9190 4.11811
9200 4.19103
9210 4.27292
9220 4.36418
9230 4.46522
9240 4.57649
9250 4.69845
9260 4.83157
9270 4.97637
9280 5.13336
9290 5.30308
9300 5.48611
9310 5.68302
9320 5.8944
9330 6.12088
9340 6.36309
9350 6.62166
9360 6.89724
9370 7.19051
9380 7.50213
9390 7.83278
9400 8.18312
9410 8.55385
9420 8.94561
9430 9.35908
9440 9.79489
9450 10.2537
9460 10.7361
9470 11.2427
9480 11.774
9490 12.3306
9500 12.913
9510 13.5215
9520 14.1568
9530 14.819
9540 15.5085
9550 16.2255
9560 16.9703
9570 17.743
9580 18.5437
9590 19.3723
9600 20.2289
9610 21.1133
9620 22.0254
9630 22.9648
9640 23.9312
9650 24.9244
9660 25.9438
9670 26.989
9680 28.0593
9690 29.1543
9700 30.2731
9710 31.415
9720 32.5794
9730 33.7654
9740 34.9721
9750 36.1986
9760 37.444
9770 38.7074
9780 39.9878
9790 41.2842
9800 42.5955
9810 43.9208
9820 45.2589
9830 46.6089
9840 47.9696
9850 49.3401
9860 50.7192
9870 52.1059
9880 53.4992
9890 54.8981
9900 56.3014
9910 57.7082
9920 59.1176
9930 60.5285
9940 61.9399
9950 63.351
9960 64.7608
9970 66.1685
9980 67.5731
9990 68.9738
10000 70.3699
10010 71.7604
10020 73.1448
10030 74.5221
10040 75.8918
10050 77.2531
10060 78.6054
10070 79.948
10080 81.2803
10090 82.6019
10100 83.912
10110 85.2103
10120 86.4961
10130 87.7691
10140 89.0287
10150 90.2746
10160 91.5063
10170 92.7235
10180 93.9258
10190 95.1128
10200 96.2843
10210 97.4399
10220 98.5793
10230 99.7023
10240 100.809
10250 101.898
10260 102.97
10270 104.025
10280 105.062
10290 106.082
10300 107.083
10310 108.067
10320 109.032
10330 109.978
10340 110.906
10350 111.814
10360 112.704
10370 113.574
10380 114.425
10390 115.256
10400 116.068
10410 116.858
10420 117.629
10430 118.379
10440 119.108
10450 119.815
10460 120.501
10470 121.164
10480 121.805
10490 122.422
10500 123.016
10510 123.586
10520 124.13
10530 124.649
10540 125.141
10550 125.606
10560 126.042
10570 126.448
10580 126.823
10590 127.166
10600 127.475
10610 127.749
10620 127.986
10630 128.184
10640 128.34
10650 128.454
10660 128.523
10670 128.543
10680 128.514
10690 128.432
10700 128.294
10710 128.099
10720 127.843
10730 127.524
10740 127.139
10750 126.687
10760 126.164
10770 125.569
10780 124.9
10790 124.157
10800 123.338
10810 122.442
10820 121.47
10830 120.422
10840 119.3
10850 118.104
10860 116.837
10870 115.502
10880 114.101
10890 112.638
10900 111.117
10910 109.542
10920 107.917
10930 106.246
10940 104.535
10950 102.787
10960 101.009
10970 99.2044
10980 97.378
10990 95.5343
11000 93.6778
11010 91.8126
11020 89.9427
11030 88.0719
11040 86.2036
11050 84.3412
11060 82.4877
11070 80.6459
11080 78.8183
11090 77.0073
11100 75.2149
11110 73.443
11120 71.6933
11130 69.9673
11140 68.2662
11150 66.5912
11160 64.9432
11170 63.3231
11180 61.7314
11190 60.1689
11200 58.6358
11210 57.1325
11220 55.6592
11230 54.2162
11240 52.8033
11250 51.4207
11260 50.0683
11270 48.7459
11280 47.4533
11290 46.1902
11300 44.9565
11310 43.7519
11320 42.5758
11330 41.4281
11340 40.3083
11350 39.216
11360 38.1507
11370 37.1121
11380 36.0996
11390 35.1128
11400 34.1512
11410 33.2143
11420 32.3017
11430 31.4128
11440 30.5472
11450 29.7043
11460 28.8838
11470 28.085
11480 27.3075
11490 26.5509
11500 25.8146
11510 25.0982
11520 24.4012
11530 23.7231
11540 23.0635
11550 22.422
11560 21.7981
11570 21.1914
11580 20.6014
11590 20.0278
11600 19.47
11610 18.9278
11620 18.4007
11630 17.8884
11640 17.3904
11650 16.9064
11660 16.4361
11670 15.979
11680 15.5348
11690 15.1032
11700 14.6839
11710 14.2765
11720 13.8808
11730 13.4964
11740 13.123
11750 12.7603
11760 12.408
11770 12.066
11780 11.7338
11790 11.4113
11800 11.0981
11810 10.7941
11820 10.499
11830 10.2125
11840 9.93454
11850 9.66475
11860 9.40296
11870 9.14897
11880 8.90258
11890 8.6636
11900 8.43183
11910 8.2071
11920 7.98924
11930 7.77807
11940 7.57343
11950 7.37516
11960 7.18313
11970 6.99717
11980 6.81716
11990 6.64296
12000 6.47444
12010 6.31149
12020 6.15399
12030 6.00184
12040 5.85492
12050 5.71315
12060 5.57642
12070 5.44467
12080 5.31781
12090 5.19577
12100 5.07848
12110 4.96589
12120 4.85794
12130 4.75458
12140 4.65579
12150 4.56152
12160 4.47175
12170 4.38648
12180 4.30568
12190 4.22936
12200 4.15752
12210 4.09019
12220 4.02738
12230 3.96913
12240 3.91549
12250 3.86651
12260 3.82226
12270 3.78281
12280 3.74824
12290 3.71867
12300 3.69419
12310 3.67493
12320 3.66102
12330 3.65263
12340 3.64991
12350 3.65303
12360 3.6622
12370 3.67763
12380 3.69953
12390 3.72816
12400 3.76376
12410 3.80662
12420 3.85703
12430 3.9153
12440 3.98177
12450 4.05677
12460 4.14068
12470 4.23389
12480 4.33679
12490 4.44982
12500 4.57341
12510 4.70802
12520 4.85412
12530 5.01222
12540 5.18282
12550 5.36644
12560 5.56363
12570 5.77492
12580 6.00089
12590 6.2421
12600 6.49912
12610 6.77254
12620 7.06295
12630 7.37092
12640 7.69704
12650 8.04188
12660 8.40601
12670 8.78999
12680 9.19436
12690 9.61965
12700 10.0663
12710 10.5349
12720 11.0259
12730 11.5396
12740 12.0765
12750 12.6368
12760 13.221
12770 13.8294
12780 14.462
12790 15.1192
12800 15.801
12810 16.5076
12820 17.2391
12830 17.9953
12840 18.7764
12850 19.5821
12860 20.4124
12870 21.267
12880 22.1458
12890 23.0484
12900 23.9745
12910 24.9239
12920 25.8959
12930 26.8903
12940 27.9066
12950 28.9441
12960 30.0025
12970 31.081
12980 32.179
12990 33.296
13000 34.4313
13010 35.584
13020 36.7537
13030 37.9394
13040 39.1405
13050 40.3561
13060 41.5856
13070 42.828
13080 44.0826
13090 45.3486
13100 46.6251
13110 47.9113
13120 49.2064
13130 50.5095
13140 51.8199
13150 53.1366
13160 54.4588
13170 55.7858
13180 57.1166
13190 58.4505
13200 59.7868
13210 61.1245
13220 62.4629
13230 63.8012
13240 65.1387
13250 66.4746
13260 67.8082
13270 69.1387
13280 70.4655
13290 71.7879
13300 73.1052
13310 74.4168
13320 75.7219
13330 77.0201
13340 78.3106
13350 79.593
13360 80.8666
13370 82.1309
13380 83.3853
13390 84.6294
13400 85.8626
13410 87.0846
13420 88.2947
13430 89.4925
13440 90.6777
13450 91.8497
13460 93.0083
13470 94.153
13480 95.2834
13490 96.3991
13500 97.4998
13510 98.5852
13520 99.6549
13530 100.709
13540 101.746
13550 102.767
13560 103.77
13570 104.757
13580 105.726
13590 106.677
13600 107.609
13610 108.523
13620 109.419
13630 110.295
13640 111.151
13650 111.988
13660 112.804
13670 113.599
13680 114.373
13690 115.126
13700 115.856
13710 116.564
13720 117.248
13730 117.908
13740 118.544
13750 119.154
13760 119.738
13770 120.295
13780 120.824
13790 121.324
13800 121.794
13810 122.232
13820 122.637
13830 123.008
13840 123.343
13850 123.64
13860 123.898
13870 124.115
13880 124.289
13890 124.416
13900 124.497
13910 124.527
13920 124.504
13930 124.427
13940 124.292
13950 124.097
13960 123.84
13970 123.518
13980 123.129
13990 122.671
14000 122.142
14010 121.541
14020 120.866
14030 120.116
14040 119.291
14050 118.392
14060 117.418
14070 116.37
14080 115.249
14090 114.059
14100 112.8
14110 111.476
14120 110.09
14130 108.646
14140 107.147
14150 105.597
14160 104.001
14170 102.363
14180 100.689
14190 98.9812
14200 97.2459
14210 95.487
14220 93.7092
14230 91.9165
14240 90.1132
14250 88.3033
14260 86.4903
14270 84.6779
14280 82.8694
14290 81.0677
14300 79.2757
14310 77.496
14320 75.7309
14330 73.9827
14340 72.2532
14350 70.5442
14360 68.8571
14370 67.1935
14380 65.5543
14390 63.9407
14400 62.3536
14410 60.7936
14420 59.2614
14430 57.7574
14440 56.2822
14450 54.8358
14460 53.4185
14470 52.0305
14480 50.6718
14490 49.3423
14500 48.0419
14510 46.7705
14520 45.528
14530 44.314
14540 43.1283
14550 41.9706
14560 40.8405
14570 39.7377
14580 38.6618
14590 37.6124
14600 36.5891
14610 35.5914
14620 34.6189
14630 33.6712
14640 32.7477
14650 31.848
14660 30.9717
14670 30.1182
14680 29.2871
14690 28.4779
14700 27.6901
14710 26.9233
14720 26.177
14730 25.4508
14740 24.7441
14750 24.0565
14760 23.3877
14770 22.737
14780 22.1041
14790 21.4886
14800 20.89
14810 20.3079
14820 19.7419
14830 19.1916
14840 18.6567
14850 18.1366
14860 17.6311
14870 17.1397
14880 16.6622
14890 16.1981
14900 15.7471
14910 15.3088
14920 14.883
14930 14.4693
14940 14.0673
14950 13.6769
14960 13.2976
14970 12.9292
14980 12.5713
14990 12.2238
15000 11.8863
15010 11.5586
15020 11.2404
15030 10.9315
15040 10.6316
15050 10.3404
15060 10.0579
15070 9.78362
15080 9.51748
15090 9.25924
15100 9.0087
15110 8.76566
15120 8.52993
15130 8.30132
15140 8.07966
15150 7.86477
15160 7.65649
15170 7.45465
15180 7.2591
15190 7.06969
15200 6.88628
15210 6.70874
15220 6.53692
15230 6.37072
15240 6.21
15250 6.05466
15260 5.90458
15270 5.75967
15280 5.61983
15290 5.48497
15300 5.35501
15310 5.22987
15320 5.10948
15330 4.99377
15340 4.88269
15350 4.77619
15360 4.67421
15370 4.57673
15380 4.48371
15390 4.39512
15400 4.31096
15410 4.23122
15420 4.15588
15430 4.08497
15440 4.0185
15450 3.9565
15460 3.89899
15470 3.84604
15480 3.79769
15490 3.754
15500 3.71506
15510 3.68096
15520 3.65179
15530 3.62767
15540 3.60872
15550 3.59509
15560 3.58692
15570 3.58439
15580 3.58768
15590 3.59698
15600 3.61252
15610 3.63452
15620 3.66323
15630 3.69892
15640 3.74188
15650 3.79241
15660 3.85082
15670 3.91747
15680 3.99272
15690 4.07694
15700 4.17054
15710 4.27394
15720 4.38758
15730 4.51193
15740 4.64747
15750 4.79469
15760 4.95412
15770 5.1263
15780 5.31177
15790 5.51111
15800 5.7249
15810 5.95374
15820 6.19824
15830 6.45902
15840 6.73669
15850 7.03188
15860 7.34524
15870 7.67737
15880 8.02892
15890 8.4005
15900 8.79271
15910 9.20615
15920 9.6414
15930 10.099
15940 10.5795
15950 11.0834
15960 11.6111
15970 12.1631
15980 12.7398
15990 13.3416
16000 13.9687
16010 14.6214
16020 15.3
16030 16.0045
16040 16.7351
16050 17.4919
16060 18.2748
16070 19.0839
16080 19.9189
16090 20.7798
16100 21.6663
16110 22.5781
16120 23.515
16130 24.4766
16140 25.4623
16150 26.4719
16160 27.5046
16170 28.5601
16180 29.6377
16190 30.7367
16200 31.8566
16210 32.9965
16220 34.1558
16230 35.3336
16240 36.5293
16250 37.7419
16260 38.9707
16270 40.2148
16280 41.4733
16290 42.7454
16300 44.0301
16310 45.3267
16320 46.634
16330 47.9513
16340 49.2777
16350 50.6122
16360 51.9539
16370 53.3019
16380 54.6554
16390 56.0134
16400 57.375
16410 58.7394
16420 60.1058
16430 61.4732
16440 62.8408
16450 64.2079
16460 65.5736
16470 66.9371
16480 68.2977
16490 69.6547
16500 71.0072
16510 72.3546
16520 73.6962
16530 75.0313
16540 76.3592
16550 77.6795
16560 78.9913
16570 80.2943
16580 81.5876
16590 82.871
16600 84.1437
16610 85.4054
16620 86.6554
16630 87.8934
16640 89.119
16650 90.3315
16660 91.5308
16670 92.7163
16680 93.8877
16690 95.0446
16700 96.1867
16710 97.3137
16720 98.4251
16730 99.5207
16740 100.6
16750 101.663
16760 102.71
16770 103.739
16780 104.752
16790 105.747
16800 106.724
16810 107.683
16820 108.624
16830 109.546
16840 110.449
16850 111.334
16860 112.199
16870 113.044
16880 113.869
16890 114.674
16900 115.458
16910 116.221
16920 116.963
16930 117.682
16940 118.379
16950 119.053
16960 119.704
16970 120.33
16980 120.931
16990 121.507
17000 122.056
17010 122.577
17020 123.07
17030 123.534
17040 123.966
17050 124.367
17060 124.734
17070 125.065
17080 125.36
17090 125.617
17100 125.833
17110 126.006
17120 126.135
17130 126.216
17140 126.248
17150 126.228
17160 126.153
17170 126.021
17180 125.83
17190 125.576
17200 125.257
17210 124.871
17220 124.416
17230 123.888
17240 123.288
17250 122.613
17260 121.862
17270 121.035
17280 120.131
17290 119.151
17300 118.095
17310 116.965
17320 115.762
17330 114.49
17340 113.15
17350 111.747
17360 110.283
17370 108.762
17380 107.189
17390 105.569
17400 103.905
17410 102.203
17420 100.467
17430 98.7023
17440 96.9131
17450 95.1043
17460 93.2801
17470 91.445
17480 89.6029
17490 87.7578
17500 85.9132
17510 84.0725
17520 82.2389
17530 80.4153
17540 78.6044
17550 76.8086
17560 75.03
17570 73.2706
17580 71.5323
17590 69.8166
17600 68.1249
17610 66.4583
17620 64.8179
17630 63.2046
17640 61.6192
17650 60.0621
17660 58.534
17670 57.0353
17680 55.566
17690 54.1266
17700 52.717
17710 51.3373
17720 49.9875
17730 48.6674
17740 47.3768
17750 46.1157
17760 44.8837
17770 43.6805
17780 42.5059
17790 41.3594
17800 40.2407
17810 39.1494
17820 38.085
17830 37.0472
17840 36.0355
17850 35.0494
17860 34.0884
17870 33.1522
17880 32.2401
17890 31.3518
17900 30.4867
17910 29.6443
17920 28.8242
17930 28.0259
17940 27.2488
17950 26.4926
17960 25.7568
17970 25.0408
17980 24.3442
17990 23.6665
18000 23.0074
18010 22.3663
18020 21.7428
18030 21.1364
18040 20.5469
18050 19.9736
18060 19.4163
18070 18.8746
18080 18.3479
18090 17.836
18100 17.3384
18110 16.8549
18120 16.3849
18130 15.9283
18140 15.4846
18150 15.0534
18160 14.6345
18170 14.2276
18180 13.8323
18190 13.4483
18200 13.0754
18210 12.7131
18220 12.3613
18230 12.0197
18240 11.6879
18250 11.3659
18260 11.0531
18270 10.7496
18280 10.4549
18290 10.1688
18300 9.89123
18310 9.62184
18320 9.36046
18330 9.10686
18340 8.86085
18350 8.62224
18360 8.39084
18370 8.16646
18380 7.94894
18390 7.7381
18400 7.53379
18410 7.33583
18420 7.14409
18430 6.95841
18440 6.77867
18450 6.60472
18460 6.43644
18470 6.27371
18480 6.11641
18490 5.96444
18500 5.81769
18510 5.67606
18520 5.53946
18530 5.40782
18540 5.28104
18550 5.15906
18560 5.04181
18570 4.92923
18580 4.82127
18590 4.71788
18600 4.61902
18610 4.52467
18620 4.43479
18630 4.34937
18640 4.2684
18650 4.19188
18660 4.11982
18670 4.05222
18680 3.98913
18690 3.93057
18700 3.87658
18710 3.82722
18720 3.78256
18730 3.74267
18740 3.70764
18750 3.67757
18760 3.65257
18770 3.63276
18780 3.61828
18790 3.60929
18800 3.60595
18810 3.60844
18820 3.61697
18830 3.63173
18840 3.65297
18850 3.68092
18860 3.71586
18870 3.75807
18880 3.80785
18890 3.86551
18900 3.9314
18910 4.00588
18920 4.08932
18930 4.18213
18940 4.28472
18950 4.39754
18960 4.52103
18970 4.65568
18980 4.80198
18990 4.96046
19000 5.13164
19010 5.31606
19020 5.51431
19030 5.72695
19040 5.95458
19050 6.1978
19060 6.45722
19070 6.73345
19080 7.02714
19090 7.33888
19100 7.66932
19110 8.01907
19120 8.38873
19130 8.77892
19140 9.19021
19150 9.62319
19160 10.0784
19170 10.5563
19180 11.0575
19190 11.5824
19200 12.1314
19210 12.705
19220 13.3034
19230 13.9269
19240 14.576
19250 15.2506
19260 15.9511
19270 16.6774
19280 17.4298
19290 18.208
19300 19.0122
19310 19.8422
19320 20.6978
19330 21.5789
19340 22.4851
19350 23.4161
19360 24.3717
19370 25.3512
19380 26.3544
19390 27.3807
19400 28.4295
19410 29.5003
19420 30.5924
19430 31.7052
19440 32.838
19450 33.99
19460 35.1606
19470 36.3489
19480 37.5541
19490 38.7755
19500 40.0121
19510 41.2632
19520 42.5278
19530 43.8052
19540 45.0944
19550 46.3945
19560 47.7046
19570 49.0239
19580 50.3514
19590 51.6863
19600 53.0276
19610 54.3745
19620 55.7261
19630 57.0815
19640 58.4399
19650 59.8004
19660 61.1622
19670 62.5245
19680 63.8864
19690 65.2471
19700 66.6059
19710 67.962
19720 69.3147
19730 70.6632
19740 72.0069
19750 73.345
19760 74.6769
19770 76.0019
19780 77.3194
19790 78.6288
19800 79.9295
19810 81.2209
19820 82.5026
19830 83.7738
19840 85.0343
19850 86.2834
19860 87.5206
19870 88.7456
19880 89.9579
19890 91.1571
19900 92.3428
19910 93.5145
19920 94.672
19930 95.8149
19940 96.9427
19950 98.0553
19960 99.1522
19970 100.233
19980 101.298
19990 102.346
20000 103.378
20010 104.392
20020 105.389
20030 106.369
20040 107.33
20050 108.274
20060 109.199
20070 110.105
20080 110.992
20090 111.86
20100 112.708
20110 113.536
20120 114.344
20130 115.132
20140 115.898
20150 116.643
20160 117.366
20170 118.067
20180 118.744
20190 119.398
20200 120.028
20210 120.633
20220 121.212
20230 121.765
20240 122.29
20250 122.787
20260 123.255
20270 123.691
20280 124.096
20290 124.467
20300 124.803
20310 125.102
20320 125.363
20330 125.584
20340 125.762
20350 125.896
20360 125.982
20370 126.019
20380 126.005
20390 125.936
20400 125.811
20410 125.626
20420 125.379
20430 125.067
20440 124.689
20450 124.241
20460 123.722
20470 123.13
20480 122.464
20490 121.722
20500 120.904
20510 120.01
20520 119.04
20530 117.994
20540 116.874
20550 115.682
20560 114.42
20570 113.091
20580 111.698
20590 110.244
20600 108.733
20610 107.17
20620 105.559
20630 103.904
20640 102.21
20650 100.483
20660 98.7258
20670 96.9441
20680 95.1421
20690 93.3245
20700 91.4954
20710 89.6589
20720 87.8188
20730 85.9789
20740 84.1425
20750 82.3127
20760 80.4925
20770 78.6846
20780 76.8914
20790 75.1151
20800 73.3577
20810 71.6211
20820 69.9067
20830 68.216
20840 66.5503
20850 64.9105
20860 63.2976
20870 61.7123
20880 60.1553
20890 58.627
20900 57.1279
20910 55.6582
20920 54.2182
20930 52.8079
20940 51.4274
20950 50.0766
20960 48.7555
20970 47.4639
20980 46.2017
20990 44.9685
21000 43.7641
21010 42.5881
21020 41.4403
21030 40.3203
21040 39.2276
21050 38.1618
21060 37.1226
21070 36.1094
21080 35.1219
21090 34.1595
21100 33.2218
21110 32.3083
21120 31.4185
21130 30.5519
21140 29.7082
21150 28.8866
21160 28.0869
21170 27.3085
21180 26.5509
21190 25.8136
21200 25.0962
21210 24.3983
21220 23.7193
21230 23.0589
21240 22.4165
21250 21.7917
21260 21.1842
21270 20.5934
21280 20.019
21290 19.4605
21300 18.9175
21310 18.3897
21320 17.8767
21330 17.378
21340 16.8934
21350 16.4224
21360 15.9647
21370 15.5199
21380 15.0878
21390 14.668
21400 14.2601
21410 13.8638
21420 13.4789
21430 13.105
21440 12.7419
21450 12.3892
21460 12.0468
21470 11.7142
21480 11.3913
21490 11.0778
21500 10.7734
21510 10.4779
21520 10.1911
21530 9.91279
21540 9.64268
21550 9.38057
21560 9.12627
21570 8.87957
21580 8.64028
21590 8.40821
21600 8.18318
21610 7.96501
21620 7.75353
21630 7.54859
21640 7.35001
21650 7.15765
21660 6.97137
21670 6.79102
21680 6.61648
21690 6.4476
21700 6.28428
21710 6.1264
21720 5.97384
21730 5.8265
21740 5.68429
21750 5.54711
21760 5.41488
21770 5.28751
21780 5.16494
21790 5.04709
21800 4.9339
21810 4.82533
21820 4.72132
21830 4.62183
21840 4.52683
21850 4.4363
21860 4.3502
21870 4.26855
21880 4.19132
21890 4.11853
21900 4.05019
21910 3.98632
21920 3.92696
21930 3.87214
21940 3.82193
21950 3.77638
21960 3.73556
21970 3.69957
21980 3.66849
21990 3.64244
22000 3.62153
22010 3.60591
22020 3.59572
22030 3.59112
22040 3.5923
22050 3.59944
22060 3.61276
22070 3.63248
22080 3.65885
22090 3.69212
22100 3.73258
22110 3.78051
22120 3.83625
22130 3.90012
22140 3.97247
22150 4.05369
22160 4.14416
22170 4.24431
22180 4.35456
22190 4.47537
22200 4.60721
22210 4.75058
22220 4.90598
22230 5.07395
22240 5.25504
22250 5.4498
22260 5.65881
22270 5.88265
22280 6.12194
22290 6.37728
22300 6.64928
22310 6.93858
22320 7.24579
22330 7.57153
22340 7.91643
22350 8.2811
22360 8.66614
22370 9.07214
22380 9.49969
22390 9.94931
22400 10.4216
22410 10.9169
22420 11.4359
22430 11.9789
22440 12.5462
22450 13.1384
22460 13.7557
22470 14.3983
22480 15.0665
22490 15.7605
22500 16.4803
22510 17.2261
22520 17.9978
22530 18.7955
22540 19.6189
22550 20.468
22560 21.3426
22570 22.2424
22580 23.1671
22590 24.1164
22600 25.0899
22610 26.087
22620 27.1074
22630 28.1504
22640 29.2155
22650 30.3022
22660 31.4096
22670 32.5373
22680 33.6843
22690 34.8501
22700 36.0338
22710 37.2347
22720 38.4519
22730 39.6846
22740 40.932
22750 42.1932
22760 43.4673
22770 44.7534
22780 46.0507
22790 47.3583
22800 48.6753
22810 50.0008
22820 51.3338
22830 52.6735
22840 54.0191
22850 55.3696
22860 56.7242
22870 58.0819
22880 59.442
22890 60.8036
22900 62.1659
22910 63.528
22920 64.8893
22930 66.2487
22940 67.6058
22950 68.9595
22960 70.3093
22970 71.6545
22980 72.9942
22990 74.328
23000 75.655
23010 76.9747
23020 78.2864
23030 79.5896
23040 80.8837
23050 82.1681
23060 83.4423
23070 84.7058
23080 85.9581
23090 87.1987
23100 88.4271
23110 89.643
23120 90.8458
23130 92.0352
23140 93.2108
23150 94.3722
23160 95.5191
23170 96.6511
23180 97.7679
23190 98.8691
23200 99.9544
23210 101.024
23220 102.076
23230 103.112
23240 104.131
23250 105.133
23260 106.117
23270 107.084
23280 108.032
23290 108.962
23300 109.873
23310 110.765
23320 111.638
23330 112.492
23340 113.325
23350 114.138
23360 114.931
23370 115.703
23380 116.453
23390 117.182
23400 117.888
23410 118.572
23420 119.231
23430 119.867
23440 120.478
23450 121.064
23460 121.623
23470 122.155
23480 122.659
23490 123.134
23500 123.578
23510 123.99
23520 124.369
23530 124.713
23540 125.021
23550 125.291
23560 125.521
23570 125.709
23580 125.852
23590 125.949
23600 125.998
23610 125.995
23620 125.938
23630 125.825
23640 125.652
23650 125.419
23660 125.121
23670 124.756
23680 124.323
23690 123.819
23700 123.242
23710 122.591
23720 121.865
23730 121.062
23740 120.183
23750 119.228
23760 118.197
23770 117.092
23780 115.914
23790 114.665
23800 113.348
23810 111.967
23820 110.524
23830 109.024
23840 107.471
23850 105.868
23860 104.221
23870 102.534
23880 100.812
23890 99.0601
23900 97.2823
23910 95.4835
23920 93.6681
23930 91.8404
23940 90.0045
23950 88.1644
23960 86.3238
23970 84.486
23980 82.6543
23990 80.8317
24000 79.0208
24010 77.2243
24020 75.4443
24030 73.6828
24040 71.9418
24050 70.2228
24060 68.5273
24070 66.8565
24080 65.2115
24090 63.5932
24100 62.0025
24110 60.4399
24120 58.906
24130 57.4012
24140 55.9258
24150 54.48
24160 53.064
24170 51.6778
24180 50.3213
24190 48.9946
24200 47.6974
24210 46.4296
24220 45.1909
24230 43.9811
24240 42.7998
24250 41.6467
24260 40.5215
24270 39.4237
24280 38.3529
24290 37.3088
24300 36.2908
24310 35.2985
24320 34.3315
24330 33.3892
24340 32.4713
24350 31.5771
24360 30.7063
24370 29.8584
24380 29.0328
24390 28.2291
24400 27.4467
24410 26.6854
24420 25.9444
24430 25.2234
24440 24.522
24450 23.8396
24460 23.1758
24470 22.5301
24480 21.9022
24490 21.2915
24500 20.6977
24510 20.1204
24520 19.559
24530 19.0133
24540 18.4828
24550 17.9671
24560 17.4659
24570 16.9787
24580 16.5053
24590 16.0452
24600 15.5982
24610 15.1638
24620 14.7418
24630 14.3318
24640 13.9334
24650 13.5465
24660 13.1707
24670 12.8057
24680 12.4512
24690 12.1069
24700 11.7726
24710 11.448
24720 11.1328
24730 10.8268
24740 10.5298
24750 10.2415
24760 9.96168
24770 9.69013
24780 9.42663
24790 9.17097
24800 8.92295
24810 8.68238
24820 8.44906
24830 8.22281
24840 8.00345
24850 7.79082
24860 7.58475
24870 7.38508
24880 7.19166
24890 7.00434
24900 6.82298
24910 6.64745
24920 6.47761
24930 6.31335
24940 6.15455
24950 6.0011
24960 5.85288
24970 5.70982
24980 5.5718
24990 5.43874
25000 5.31057
25010 5.18721
25020 5.06858
25030 4.95464
25040 4.84532
25050 4.74057
25060 4.64036
25070 4.54464
25080 4.4534
25090 4.3666
25100 4.28425
25110 4.20634
25120 4.13286
25130 4.06384
25140 3.99929
25150 3.93925
25160 3.88376
25170 3.83286
25180 3.78662
25190 3.74512
25200 3.70842
25210 3.67664
25220 3.64987
25230 3.62824
25240 3.61188
25250 3.60093
25260 3.59557
25270 3.59595
25280 3.60229
25290 3.61477
25300 3.63364
25310 3.65912
25320 3.69148
25330 3.73099
25340 3.77795
25350 3.83267
25360 3.89549
25370 3.96675
25380 4.04684
25390 4.13614
25400 4.23506
25410 4.34403
25420 4.46352
25430 4.59398
25440 4.73592
25450 4.88984
25460 5.05626
25470 5.23574
25480 5.42883
25490 5.63611
25500 5.85817
25510 6.0956
25520 6.34902
25530 6.61905
25540 6.90631
25550 7.21141
25560 7.535
25570 7.87769
25580 8.24009
25590 8.62282
25600 9.02646
25610 9.45159
25620 9.89878
25630 10.3685
25640 10.8614
25650 11.3778
25660 11.9183
25670 12.4831
25680 13.0727
25690 13.6875
25700 14.3276
25710 14.9933
25720 15.6847
25730 16.4021
25740 17.1455
25750 17.9148
25760 18.7101
25770 19.5313
25780 20.3783
25790 21.2507
25800 22.1485
25810 23.0712
25820 24.0186
25830 24.9903
25840 25.9857
25850 27.0045
25860 28.046
25870 29.1097
25880 30.1951
25890 31.3013
25900 32.4278
25910 33.5739
25920 34.7388
25930 35.9217
25940 37.1219
25950 38.3385
25960 39.5707
25970 40.8176
25980 42.0785
25990 43.3524
26000 44.6384
26010 45.9356
26020 47.2433
26030 48.5604
26040 49.886
26050 51.2194
26060 52.5595
26070 53.9054
26080 55.2564
26090 56.6116
26100 57.9699
26110 59.3307
26120 60.6931
26130 62.0562
26140 63.4192
26150 64.7813
26160 66.1418
26170 67.4998
26180 68.8546
26190 70.2055
26200 71.5518
26210 72.8927
26220 74.2276
26230 75.5559
26240 76.8768
26250 78.1899
26260 79.4944
26270 80.7898
26280 82.0756
26290 83.3513
26300 84.6162
26310 85.8699
26320 87.1119
26330 88.3419
26340 89.5592
26350 90.7636
26360 91.9545
26370 93.1317
26380 94.2947
26390 95.4431
26400 96.5767
26410 97.6951
26420 98.7979
26430 99.8849
26440 100.956
26450 102.01
26460 103.048
26470 104.069
26480 105.072
26490 106.058
26500 107.026
26510 107.976
26520 108.908
26530 109.821
26540 110.715
26550 111.59
26560 112.446
26570 113.281
26580 114.097
26590 114.892
26600 115.666
26610 116.418
26620 117.149
26630 117.858
26640 118.544
26650 119.206
26660 119.845
26670 120.459
26680 121.047
26690 121.61
26700 122.145
26710 122.652
26720 123.131
26730 123.578
26740 123.995
26750 124.378
26760 124.727
26770 125.04
26780 125.315
26790 125.55
26800 125.743
26810 125.893
26820 125.997
26830 126.052
26840 126.056
26850 126.007
26860 125.902
26870 125.738
26880 125.513
26890 125.224
26900 124.87
26910 124.446
26920 123.952
26930 123.386
26940 122.746
26950 122.03
26960 121.238
26970 120.37
26980 119.426
26990 118.406
27000 117.311
27010 116.143
27020 114.904
27030 113.597
27040 112.224
27050 110.79
27060 109.297
27070 107.751
27080 106.155
27090 104.513
27100 102.831
27110 101.114
27120 99.365
27130 97.59
27140 95.7932
27150 93.9793
27160 92.1524
27170 90.3167
27180 88.4762
27190 86.6347
27200 84.7955
27210 82.9619
27220 81.137
27230 79.3235
27240 77.5239
27250 75.7406
27260 73.9755
27270 72.2306
27280 70.5076
27290 68.8078
27300 67.1325
27310 65.4829
27320 63.8599
27330 62.2644
27340 60.6969
27350 59.1581
27360 57.6483
27370 56.1679
27380 54.7171
27390 53.2961
27400 51.9049
27410 50.5434
27420 49.2117
27430 47.9096
27440 46.6369
27450 45.3934
27460 44.1788
27470 42.9928
27480 41.835
27490 40.7052
27500 39.6029
27510 38.5277
27520 37.4792
27530 36.4569
27540 35.4604
27550 34.4892
27560 33.5429
27570 32.6209
27580 31.7229
27590 30.8483
27600 29.9966
27610 29.1673
27620 28.36
27630 27.5742
27640 26.8094
27650 26.0651
27660 25.3409
27670 24.6363
27680 23.9508
27690 23.2839
27700 22.6353
27710 22.0045
27720 21.391
27730 20.7945
27740 20.2144
27750 19.6504
27760 19.1022
27770 18.5692
27780 18.0511
27790 17.5475
27800 17.0581
27810 16.5824
27820 16.1202
27830 15.671
27840 15.2345
27850 14.8105
27860 14.3985
27870 13.9983
27880 13.6095
27890 13.2319
27900 12.8651
27910 12.5089
27920 12.1629
27930 11.827
27940 11.5008
27950 11.1841
27960 10.8766
27970 10.5781
27980 10.2884
27990 10.0072
28000 9.73428
28010 9.46946
28020 9.21252
28030 8.96325
28040 8.72146
28050 8.48695
28060 8.25954
28070 8.03905
28080 7.82532
28090 7.61817
28100 7.41744
28110 7.22299
28120 7.03467
28130 6.85232
28140 6.67583
28150 6.50505
28160 6.33987
28170 6.18017
28180 6.02582
28190 5.87674
28200 5.73282
28210 5.59396
28220 5.46008
28230 5.3311
28240 5.20693
28250 5.08751
28260 4.97278
28270 4.86269
28280 4.75717
28290 4.65619
28300 4.55972
28310 4.46772
28320 4.38017
28330 4.29707
28340 4.21839
28350 4.14416
28360 4.07438
28370 4.00906
28380 3.94825
28390 3.89197
28400 3.84028
28410 3.79323
28420 3.7509
28430 3.71337
28440 3.68073
28450 3.65308
28460 3.63055
28470 3.61326
28480 3.60136
28490 3.59501
28500 3.59438
28510 3.59965
28520 3.61105
28530 3.62877
28540 3.65308
28550 3.68421
28560 3.72244
28570 3.76806
28580 3.82139
28590 3.88275
28600 3.95249
28610 4.03099
28620 4.11862
28630 4.2158
28640 4.32296
28650 4.44054
28660 4.56902
28670 4.70887
28680 4.86061
28690 5.02476
28700 5.20186
28710 5.39247
28720 5.59716
28730 5.81652
28740 6.05114
28750 6.30164
28760 6.56862
28770 6.85272
28780 7.15454
28790 7.47473
28800 7.8139
28810 8.17266
28820 8.55163
28830 8.9514
28840 9.37255
28850 9.81563
28860 10.2812
28870 10.7697
28880 11.2818
28890 11.8177
28900 12.3779
28910 12.9629
28920 13.5729
28930 14.2081
28940 14.869
28950 15.5555
28960 16.2679
28970 17.0063
28980 17.7706
28990 18.5609
29000 19.377
29010 20.2189
29020 21.0863
29030 21.9791
29040 22.8969
29050 23.8394
29060 24.8061
29070 25.7968
29080 26.8108
29090 27.8476
29100 28.9068
29110 29.9877
29120 31.0895
29130 32.2118
29140 33.3537
29150 34.5146
29160 35.6936
29170 36.8901
29180 38.1031
29190 39.3318
29200 40.5755
29210 41.8332
29220 43.1041
29230 44.3873
29240 45.6819
29250 46.987
29260 48.3018
29270 49.6253
29280 50.9567
29290 52.295
29300 53.6394
29310 54.9889
29320 56.3428
29330 57.7001
29340 59.06
29350 60.4216
29360 61.7841
29370 63.1467
29380 64.5085
29390 65.8689
29400 67.227
29410 68.582
29420 69.9333
29430 71.2801
29440 72.6217
29450 73.9575
29460 75.2867
29470 76.6088
29480 77.923
29490 79.2289
29500 80.5259
29510 81.8133
29520 83.0906
29530 84.3574
29540 85.613
29550 86.8571
29560 88.0892
29570 89.3088
29580 90.5155
29590 91.7089
29600 92.8886
29610 94.0541
29620 95.2053
29630 96.3416
29640 97.4629
29650 98.5686
29660 99.6586
29670 100.733
29680 101.79
29690 102.831
29700 103.855
29710 104.862
29720 105.851
29730 106.822
29740 107.776
29750 108.711
29760 109.628
29770 110.525
29780 111.404
29790 112.263
29800 113.103
29810 113.922
29820 114.721
29830 115.499
29840 116.255
29850 116.99
29860 117.703
29870 118.393
29880 119.06
29890 119.703
29900 120.322
29910 120.915
29920 121.482
29930 122.023
29940 122.535
29950 123.019
29960 123.472
29970 123.894
29980 124.283
29990 124.638
30000 124.958
30010 125.239
30020 125.482
30030 125.683
30040 125.84
30050 125.952
30060 126.016
30070 126.029
30080 125.989
30090 125.894
30100 125.74
30110 125.526
30120 125.248
30130 124.905
30140 124.493
30150 124.012
30160 123.458
30170 122.83
30180 122.127
30190 121.349
30200 120.494
30210 119.563
30220 118.555
30230 117.473
30240 116.318
30250 115.091
30260 113.795
30270 112.434
30280 111.01
30290 109.527
30300 107.99
30310 106.402
30320 104.768
30330 103.093
30340 101.382
30350 99.6386
30360 97.8681
30370 96.0751
30380 94.2642
30390 92.4396
30400 90.6056
30410 88.7662
30420 86.925
30430 85.0856
30440 83.2513
30450 81.4252
30460 79.6101
30470 77.8084
30480 76.0226
30490 74.2548
30500 72.5068
30510 70.7803
30520 69.0769
30530 67.3979
30540 65.7443
30550 64.1171
30560 62.5173
30570 60.9454
30580 59.4021
30590 57.8877
30600 56.4027
30610 54.9473
30620 53.5215
30630 52.1256
30640 50.7595
30650 49.4231
30660 48.1163
30670 46.8389
30680 45.5908
30690 44.3716
30700 43.1811
30710 42.0189
30720 40.8846
30730 39.7779
30740 38.6984
30750 37.6457
30760 36.6192
30770 35.6186
30780 34.6434
30790 33.6932
30800 32.7674
30810 31.8655
30820 30.9872
30830 30.1319
30840 29.299
30850 28.4883
30860 27.699
30870 26.9309
30880 26.1834
30890 25.456
30900 24.7482
30910 24.0597
30920 23.3899
30930 22.7383
30940 22.1047
30950 21.4885
30960 20.8892
30970 20.3065
30980 19.74
30990 19.1893
31000 18.6538
31010 18.1334
31020 17.6275
31030 17.1358
31040 16.6579
31050 16.1936
31060 15.7423
31070 15.3039
31080 14.8778
31090 14.4639
31100 14.0619
31110 13.6713
31120 13.2919
31130 12.9233
31140 12.5654
31150 12.2179
31160 11.8803
31170 11.5526
31180 11.2344
31190 10.9254
31200 10.6255
31210 10.3344
31220 10.0518
31230 9.7776
31240 9.5115
31250 9.2533
31260 9.00281
31270 8.75983
31280 8.52416
31290 8.29562
31300 8.07404
31310 7.85923
31320 7.65103
31330 7.44928
31340 7.25384
31350 7.06453
31360 6.88124
31370 6.70381
31380 6.53213
31390 6.36606
31400 6.20548
31410 6.05028
31420 5.90036
31430 5.75562
31440 5.61595
31450 5.48128
31460 5.35151
31470 5.22657
31480 5.1064
31490 4.99092
31500 4.88008
31510 4.77383
31520 4.67213
31530 4.57493
31540 4.48222
31550 4.39395
31560 4.31013
31570 4.23075
31580 4.1558
31590 4.0853
31600 4.01927
31610 3.95773
31620 3.90071
31630 3.84828
31640 3.80048
31650 3.75739
31660 3.71908
31670 3.68565
31680 3.65719
31690 3.63383
31700 3.61569
31710 3.60291
31720 3.59565
31730 3.59409
31740 3.5984
31750 3.6088
31760 3.62549
31770 3.64872
31780 3.67873
31790 3.7158
31800 3.76022
31810 3.81229
31820 3.87234
31830 3.94071
31840 4.01778
31850 4.10392
31860 4.19954
31870 4.30507
31880 4.42095
31890 4.54764
31900 4.68564
31910 4.83545
31920 4.99758
31930 5.17257
31940 5.36098
31950 5.56339
31960 5.78036
31970 6.01251
31980 6.26044
31990 6.52475
32000 6.80608
32010 7.10505
32020 7.42228
32030 7.75839
32040 8.11401
32050 8.48974
32060 8.88618
32070 9.30391
32080 9.7435
32090 10.2055
32100 10.6904
32110 11.1987
32120 11.7308
32130 12.2873
32140 12.8683
32150 13.4744
32160 14.1057
32170 14.7625
32180 15.4451
32190 16.1535
32200 16.8878
32210 17.6481
32220 18.4344
32230 19.2466
32240 20.0846
32250 20.9481
32260 21.8371
32270 22.7511
32280 23.6898
32290 24.653
32300 25.6401
32310 26.6506
32320 27.6841
32330 28.74
32340 29.8177
32350 30.9165
32360 32.0359
32370 33.175
32380 34.3332
32390 35.5096
32400 36.7036
32410 37.9143
32420 39.1409
32430 40.3825
32440 41.6383
32450 42.9074
32460 44.189
32470 45.4822
32480 46.786
32490 48.0996
32500 49.422
32510 50.7525
32520 52.09
32530 53.4337
32540 54.7827
32550 56.1362
32560 57.4932
32570 58.853
32580 60.2146
32590 61.5772
32600 62.9401
32610 64.3023
32620 65.6631
32630 67.0218
32640 68.3776
32650 69.7297
32660 71.0774
32670 72.42
32680 73.7569
32690 75.0873
32700 76.4107
32710 77.7263
32720 79.0337
32730 80.3322
32740 81.6212
32750 82.9003
32760 84.1688
32770 85.4263
32780 86.6723
32790 87.9064
32800 89.128
32810 90.3368
32820 91.5324
32830 92.7143
32840 93.8822
32850 95.0356
32860 96.1743
32870 97.298
32880 98.4062
32890 99.4987
32900 100.575
32910 101.635
32920 102.679
32930 103.705
32940 104.715
32950 105.707
32960 106.681
32970 107.637
32980 108.576
32990 109.495
33000 110.396
33010 111.277
33020 112.14
33030 112.982
33040 113.804
33050 114.607
33060 115.388
33070 116.148
33080 116.886
33090 117.603
33100 118.296
33110 118.967
33120 119.614
33130 120.236
33140 120.834
33150 121.405
33160 121.95
33170 122.467
33180 122.955
33190 123.413
33200 123.84
33210 124.235
33220 124.595
33230 124.921
33240 125.208
33250 125.457
33260 125.665
33270 125.83
33280 125.949
33290 126.021
33300 126.042
33310 126.011
33320 125.925
33330 125.781
33340 125.577
33350 125.309
33360 124.977
33370 124.577
33380 124.106
33390 123.564
33400 122.949
33410 122.258
33420 121.492
33430 120.649
33440 119.73
33450 118.735
33460 117.665
33470 116.522
33480 115.306
33490 114.021
33500 112.67
33510 111.256
33520 109.783
33530 108.254
33540 106.674
33550 105.047
33560 103.378
33570 101.672
33580 99.9332
33590 98.1666
33600 96.3768
33610 94.5683
33620 92.7455
33630 90.9125
33640 89.0735
33650 87.2321
33660 85.392
33670 83.5565
33680 81.7287
33690 79.9113
33700 78.1071
33710 76.3184
33720 74.5474
33730 72.7958
33740 71.0656
33750 69.3582
33760 67.6749
33770 66.0169
33780 64.3853
33790 62.7808
33800 61.2042
33810 59.656
33820 58.1368
33830 56.6468
33840 55.1864
33850 53.7557
33860 52.3548
33870 50.9837
33880 49.6424
33890 48.3307
33900 47.0484
33910 45.7954
33920 44.5715
33930 43.3762
33940 42.2093
33950 41.0704
33960 39.9592
33970 38.8752
33980 37.818
33990 36.7873
34000 35.7824
34010 34.803
34020 33.8487
34030 32.9188
34040 32.0131
34050 31.1309
34060 30.2718
34070 29.4352
34080 28.6208
34090 27.8281
34100 27.0565
34110 26.3056
34120 25.5749
34130 24.8639
34140 24.1722
34150 23.4993
34160 22.8448
34170 22.2082
34180 21.5891
34190 20.9871
34200 20.4017
34210 19.8326
34220 19.2792
34230 18.7413
34240 18.2184
34250 17.7101
34260 17.2161
34270 16.736
34280 16.2694
34290 15.816
34300 15.3755
34310 14.9474
34320 14.5315
34330 14.1275
34340 13.735
34350 13.3538
34360 12.9835
34370 12.6239
34380 12.2746
34390 11.9354
34400 11.6061
34410 11.2863
34420 10.9758
34430 10.6745
34440 10.3819
34450 10.0979
34460 9.82235
34470 9.55492
34480 9.29544
34490 9.04369
34500 8.79948
34510 8.56261
34520 8.33291
34530 8.11019
34540 7.89427
34550 7.68499
34560 7.48219
34570 7.28571
34580 7.09541
34590 6.91113
34600 6.73275
34610 6.56012
34620 6.39313
34630 6.23165
34640 6.07558
34650 5.92479
34660 5.7792
34670 5.6387
34680 5.50321
34690 5.37264
34700 5.24691
34710 5.12596
34720 5.00971
34730 4.89811
34740 4.7911
34750 4.68865
34760 4.59072
34770 4.49726
34780 4.40827
34790 4.32372
34800 4.24361
34810 4.16793
34820 4.09669
34830 4.02992
34840 3.96764
34850 3.90988
34860 3.85669
34870 3.80813
34880 3.76426
34890 3.72516
34900 3.69092
34910 3.66163
34920 3.63743
34930 3.61842
34940 3.60475
34950 3.59658
34960 3.59407
34970 3.5974
34980 3.60679
34990 3.62243
35000 3.64457
35010 3.67346
35020 3.70935
35030 3.75254
35040 3.80334
35050 3.86206
35060 3.92904
35070 4.00465
35080 4.08928
35090 4.18332
35100 4.28719
35110 4.40135
35120 4.52624
35130 4.66235
35140 4.81018
35150 4.97026
35160 5.1431
35170 5.32928
35180 5.52935
35190 5.74389
35200 5.97351
35210 6.21881
35220 6.48039
35230 6.75889
35240 7.05491
35250 7.3691
35260 7.70207
35270 8.05444
35280 8.42682
35290 8.81982
35300 9.23401
35310 9.66997
35320 10.1282
35330 10.6093
35340 11.1137
35350 11.6419
35360 12.1943
35370 12.7713
35380 13.3732
35390 14.0003
35400 14.6529
35410 15.3312
35420 16.0353
35430 16.7654
35440 17.5214
35450 18.3034
35460 19.1113
35470 19.945
35480 20.8043
35490 21.6891
35500 22.599
35510 23.5336
35520 24.4927
35530 25.4759
35540 26.4825
35550 27.5122
35560 28.5644
35570 29.6385
35580 30.7339
35590 31.8498
35600 32.9857
35610 34.1407
35620 35.3141
35630 36.5052
35640 37.7131
35650 38.9371
35660 40.1762
35670 41.4297
35680 42.6966
35690 43.9761
35700 45.2673
35710 46.5694
35720 47.8813
35730 49.2023
35740 50.5314
35750 51.8678
35760 53.2105
35770 54.5586
35780 55.9114
35790 57.2678
35800 58.6271
35810 59.9884
35820 61.3509
35830 62.7137
35840 64.076
35850 65.4371
35860 66.7961
35870 68.1523
35880 69.505
35890 70.8535
35900 72.1969
35910 73.5347
35920 74.8662
35930 76.1908
35940 77.5077
35950 78.8164
35960 80.1164
35970 81.407
35980 82.6877
35990 83.9579
36000 85.2173
36010 86.4652
36020 87.7012
36030 88.9249
36040 90.1359
36050 91.3336
36060 92.5178
36070 93.688
36080 94.8438
36090 95.985
36100 97.1111
36110 98.2219
36120 99.317
36130 100.396
36140 101.459
36150 102.505
36160 103.535
36170 104.547
36180 105.542
36190 106.519
36200 107.478
36210 108.419
36220 109.342
36230 110.246
36240 111.131
36250 111.996
36260 112.842
36270 113.668
36280 114.473
36290 115.258
36300 116.021
36310 116.763
36320 117.483
36330 118.181
36340 118.855
36350 119.506
36360 120.133
36370 120.734
36380 121.31
36390 121.859
36400 122.381
36410 122.874
36420 123.337
36430 123.769
36440 124.169
36450 124.536
36460 124.867
36470 125.161
36480 125.416
36490 125.631
36500 125.802
36510 125.929
36520 126.009
36530 126.039
36540 126.017
36550 125.94
36560 125.805
36570 125.611
36580 125.354
36590 125.033
36600 124.644
36610 124.185
36620 123.655
36630 123.051
36640 122.373
36650 121.62
36660 120.789
36670 119.883
36680 118.9
36690 117.842
36700 116.711
36710 115.507
36720 114.233
36730 112.893
36740 111.489
36750 110.025
36760 108.505
36770 106.933
36780 105.313
36790 103.651
36800 101.951
36810 100.217
36820 98.455
36830 96.6687
36840 94.863
36850 93.0423
36860 91.2108
36870 89.3725
36880 87.5313
36890 85.6909
36900 83.8545
36910 82.0252
36920 80.2061
36930 78.3996
36940 76.6082
36950 74.8342
36960 73.0794
36970 71.3456
36980 69.6344
36990 67.9472
37000 66.285
37010 64.6491
37020 63.0401
37030 61.4589
37040 59.9061
37050 58.3822
37060 56.8875
37070 55.4222
37080 53.9867
37090 52.581
37100 51.205
37110 49.8588
37120 48.5423
37130 47.2553
37140 45.9976
37150 44.7689
37160 43.569
37170 42.3975
37180 41.2541
37190 40.1384
37200 39.05
37210 37.9885
37220 36.9534
37230 35.9444
37240 34.9609
37250 34.0025
37260 33.0687
37270 32.1591
37280 31.2731
37290 30.4102
37300 29.5701
37310 28.7521
37320 27.9558
37330 27.1808
37340 26.4266
37350 25.6926
37360 24.9784
37370 24.2836
37380 23.6077
37390 22.9503
37400 22.3108
37410 21.6889
37420 21.0841
37430 20.496
37440 19.9243
37450 19.3684
37460 18.8279
37470 18.3026
37480 17.792
37490 17.2957
37500 16.8133
37510 16.3446
37520 15.889
37530 15.4464
37540 15.0163
37550 14.5985
37560 14.1926
37570 13.7982
37580 13.4152
37590 13.0431
37600 12.6818
37610 12.3308
37620 11.99
37630 11.6591
37640 11.3378
37650 11.0258
37660 10.723
37670 10.429
37680 10.1437
37690 9.86672
37700 9.59798
37710 9.33721
37720 9.08421
37730 8.83878
37740 8.60073
37750 8.36988
37760 8.14603
37770 7.92901
37780 7.71866
37790 7.51481
37800 7.31731
37810 7.12601
37820 6.94076
37830 6.76142
37840 6.58787
37850 6.41997
37860 6.2576
37870 6.10065
37880 5.94901
37890 5.80257
37900 5.66125
37910 5.52495
37920 5.39358
37930 5.26707
37940 5.14534
37950 5.02832
37960 4.91597
37970 4.80822
37980 4.70503
37990 4.60635
38000 4.51217
38010 4.42245
38020 4.33717
38030 4.25633
38040 4.17993
38050 4.10797
38060 4.04047
38070 3.97745
38080 3.91895
38090 3.86501
38100 3.81568
38110 3.77104
38120 3.73115
38130 3.69611
38140 3.666
38150 3.64096
38160 3.62109
38170 3.60654
38180 3.59745
38190 3.594
38200 3.59637
38210 3.60475
38220 3.61935
38230 3.64041
38240 3.66817
38250 3.7029
38260 3.74487
38270 3.7944
38280 3.85179
38290 3.9174
38300 3.99157
38310 4.07469
38320 4.16716
38330 4.26939
38340 4.38183
38350 4.50493
38360 4.63917
38370 4.78504
38380 4.94307
38390 5.11378
38400 5.29773
38410 5.49549
38420 5.70762
38430 5.93472
38440 6.17741
38450 6.43628
38460 6.71196
38470 7.00507
38480 7.31624
38490 7.64608
38500 7.99523
38510 8.36429
38520 8.75387
38530 9.16455
38540 9.5969
38550 10.0515
38560 10.5288
38570 11.0293
38580 11.5536
38590 12.102
38600 12.6749
38610 13.2727
38620 13.8957
38630 14.5441
38640 15.2182
38650 15.9181
38660 16.6439
38670 17.3956
38680 18.1734
38690 18.9771
38700 19.8065
38710 20.6617
38720 21.5423
38730 22.4481
38740 23.3787
38750 24.3338
38760 25.3131
38770 26.3159
38780 27.3419
38790 28.3905
38800 29.461
38810 30.5529
38820 31.6655
38830 32.7982
38840 33.9501
38850 35.1206
38860 36.3089
38870 37.5141
38880 38.7355
38890 39.9722
38900 41.2234
38910 42.4882
38920 43.7657
38930 45.0551
38940 46.3554
38950 47.6658
38960 48.9854
38970 50.3133
38980 51.6485
38990 52.9902
39000 54.3376
39010 55.6896
39020 57.0455
39030 58.4044
39040 59.7654
39050 61.1278
39060 62.4906
39070 63.8531
39080 65.2144
39090 66.5738
39100 67.9306
39110 69.2839
39120 70.6331
39130 71.9774
39140 73.3162
39150 74.6488
39160 75.9745
39170 77.2928
39180 78.6029
39190 79.9043
39200 81.1965
39210 82.4789
39220 83.7509
39230 85.0121
39240 86.2619
39250 87.4999
39260 88.7257
39270 89.9387
39280 91.1387
39290 92.3251
39300 93.4976
39310 94.6558
39320 95.7994
39330 96.928
39340 98.0413
39350 99.139
39360 100.221
39370 101.286
39380 102.335
39390 103.368
39400 104.383
39410 105.38
39420 106.361
39430 107.323
39440 108.267
39450 109.193
39460 110.099
39470 110.987
39480 111.856
39490 112.705
39500 113.534
39510 114.343
39520 115.131
39530 115.898
39540 116.644
39550 117.367
39560 118.069
39570 118.747
39580 119.402
39590 120.032
39600 120.638
39610 121.218
39620 121.771
39630 122.298
39640 122.795
39650 123.263
39660 123.701
39670 124.106
39680 124.478
39690 124.815
39700 125.116
39710 125.377
39720 125.599
39730 125.778
39740 125.912
39750 126
39760 126.038
39770 126.024
39780 125.957
39790 125.832
39800 125.648
39810 125.401
39820 125.09
39830 124.713
39840 124.266
39850 123.747
39860 123.156
39870 122.49
39880 121.749
39890 120.931
39900 120.037
39910 119.067
39920 118.021
39930 116.901
39940 115.709
39950 114.447
39960 113.117
39970 111.723
39980 110.269
39990 108.758
40000 107.194
40010 105.582
40020 103.927
40030 102.232
40040 100.504
40050 98.7457
40060 96.9631
40070 95.1603
40080 93.3417
40090 91.5116
40100 89.6742
40110 87.8333
40120 85.9924
40130 84.1551
40140 82.3245
40150 80.5035
40160 78.6947
40170 76.9008
40180 75.1237
40190 73.3657
40200 71.6283
40210 69.9133
40220 68.222
40230 66.5557
40240 64.9154
40250 63.3019
40260 61.7162
40270 60.1587
40280 58.6299
40290 57.1304
40300 55.6603
40310 54.2199
40320 52.8093
40330 51.4285
40340 50.0774
40350 48.756
40360 47.4642
40370 46.2017
40380 44.9683
40390 43.7636
40400 42.5875
40410 41.4395
40420 40.3193
40430 39.2265
40440 38.1606
40450 37.1212
40460 36.108
40470 35.1203
40480 34.1579
40490 33.2201
40500 32.3065
40510 31.4166
40520 30.55
40530 29.7062
40540 28.8846
40550 28.0848
40560 27.3064
40570 26.5487
40580 25.8115
40590 25.0941
40600 24.3962
40610 23.7172
40620 23.0567
40630 22.4144
40640 21.7896
40650 21.182
40660 20.5913
40670 20.0168
40680 19.4584
40690 18.9154
40700 18.3877
40710 17.8746
40720 17.376
40730 16.8914
40740 16.4204
40750 15.9628
40760 15.5181
40770 15.086
40780 14.6661
40790 14.2583
40800 13.8621
40810 13.4772
40820 13.1034
40830 12.7403
40840 12.3876
40850 12.0452
40860 11.7127
40870 11.3898
40880 11.0763
40890 10.772
40900 10.4766
40910 10.1898
40920 9.91152
40930 9.64145
40940 9.37939
40950 9.12514
40960 8.87848
40970 8.63924
40980 8.40721
40990 8.18223
41000 7.9641
41010 7.75267
41020 7.54777
41030 7.34925
41040 7.15694
41050 6.9707
41060 6.79041
41070 6.61591
41080 6.44709
41090 6.28383
41100 6.126
41110 5.9735
41120 5.82622
41130 5.68406
41140 5.54694
41150 5.41477
41160 5.28747
41170 5.16496
41180 5.04718
41190 4.93407
41200 4.82557
41210 4.72163
41220 4.62222
41230 4.5273
41240 4.43685
41250 4.35085
41260 4.26929
41270 4.19216
41280 4.11947
41290 4.05123
41300 3.98748
41310 3.92824
41320 3.87355
41330 3.82346
41340 3.77805
41350 3.73738
41360 3.70153
41370 3.67062
41380 3.64474
41390 3.62401
41400 3.60858
41410 3.59859
41420 3.59421
41430 3.59561
41440 3.60299
41450 3.61656
41460 3.63655
41470 3.66319
41480 3.69676
41490 3.73753
41500 3.7858
41510 3.84189
41520 3.90613
41530 3.97888
41540 4.06051
41550 4.15142
41560 4.25203
41570 4.36277
41580 4.48409
41590 4.61648
41600 4.76041
41610 4.91642
41620 5.08503
41630 5.26678
41640 5.46223
41650 5.67197
41660 5.89659
41670 6.13669
41680 6.39287
41690 6.66576
41700 6.95598
41710 7.26416
41720 7.59091
41730 7.93686
41740 8.30263
41750 8.68881
41760 9.096
41770 9.52477
41780 9.97568
41790 10.4492
41800 10.946
41810 11.4663
41820 12.0108
41830 12.5797
41840 13.1734
41850 13.7922
41860 14.4365
41870 15.1063
41880 15.802
41890 16.5235
41900 17.2711
41910 18.0446
41920 18.844
41930 19.6693
41940 20.5203
41950 21.3967
41960 22.2984
41970 23.225
41980 24.1762
41990 25.1515
42000 26.1505
42010 27.1728
42020 28.2177
42030 29.2847
42040 30.3731
42050 31.4824
42060 32.6118
42070 33.7607
42080 34.9282
42090 36.1136
42100 37.3161
42110 38.5349
42120 39.7692
42130 41.0181
42140 42.2807
42150 43.5562
42160 44.8437
42170 46.1424
42180 47.4512
42190 48.7693
42200 50.0959
42210 51.43
42220 52.7707
42230 54.1172
42240 55.4685
42250 56.8239
42260 58.1823
42270 59.5431
42280 60.9053
42290 62.268
42300 63.6306
42310 64.9922
42320 66.352
42330 67.7093
42340 69.0632
42350 70.4131
42360 71.7583
42370 73.098
42380 74.4317
42390 75.7586
42400 77.0781
42410 78.3895
42420 79.6924
42430 80.9862
42440 82.2702
42450 83.5439
42460 84.8069
42470 86.0586
42480 87.2986
42490 88.5264
42500 89.7416
42510 90.9437
42520 92.1323
42530 93.3071
42540 94.4677
42550 95.6137
42560 96.7448
42570 97.8606
42580 98.9609
42590 100.045
42600 101.113
42610 102.165
42620 103.2
42630 104.218
42640 105.219
42650 106.202
42660 107.167
42670 108.114
42680 109.043
42690 109.953
42700 110.844
42710 111.716
42720 112.568
42730 113.4
42740 114.212
42750 115.004
42760 115.774
42770 116.523
42780 117.251
42790 117.956
42800 118.638
42810 119.296
42820 119.931
42830 120.541
42840 121.125
42850 121.683
42860 122.214
42870 122.716
42880 123.189
42890 123.632
42900 124.042
42910 124.42
42920 124.763
42930 125.069
42940 125.337
42950 125.566
42960 125.752
42970 125.894
42980 125.989
42990 126.035
43000 126.03
43010 125.972
43020 125.856
43030 125.682
43040 125.446
43050 125.146
43060 124.779
43070 124.344
43080 123.837
43090 123.258
43100 122.604
43110 121.875
43120 121.07
43130 120.189
43140 119.231
43150 118.198
43160 117.09
43170 115.909
43180 114.658
43190 113.339
43200 111.956
43210 110.511
43220 109.009
43230 107.453
43240 105.849
43250 104.2
43260 102.512
43270 100.789
43280 99.0352
43290 97.2563
43300 95.4564
43310 93.6402
43320 91.8117
43330 89.9752
43340 88.1346
43350 86.2935
43360 84.4554
43370 82.6234
43380 80.8007
43390 78.9898
43400 77.1932
43410 75.4133
43420 73.6519
43430 71.9111
43440 70.1923
43450 68.4971
43460 66.8266
43470 65.182
43480 63.5641
43490 61.9737
43500 60.4116
43510 58.8781
43520 57.3738
43530 55.8989
43540 54.4536
43550 53.0381
43560 51.6524
43570 50.2964
43580 48.9702
43590 47.6736
43600 46.4063
43610 45.1681
43620 43.9588
43630 42.778
43640 41.6255
43650 40.5007
43660 39.4034
43670 38.3332
43680 37.2895
43690 36.272
43700 35.2802
43710 34.3136
43720 33.3718
43730 32.4543
43740 31.5606
43750 30.6903
43760 29.8427
43770 29.0175
43780 28.2142
43790 27.4323
43800 26.6713
43810 25.9307
43820 25.2102
43830 24.5091
43840 23.827
43850 23.1636
43860 22.5182
43870 21.8906
43880 21.2803
43890 20.6868
43900 20.1097
43910 19.5487
43920 19.0032
43930 18.473
43940 17.9576
43950 17.4566
43960 16.9698
43970 16.4966
43980 16.0368
43990 15.59
44000 15.1558
44010 14.734
44020 14.3242
44030 13.9261
44040 13.5394
44050 13.1638
44060 12.799
44070 12.4446
44080 12.1005
44090 11.7664
44100 11.442
44110 11.127
44120 10.8212
44130 10.5243
44140 10.2362
44150 9.9565
44160 9.68509
44170 9.42173
44180 9.16621
44190 8.91833
44200 8.67789
44210 8.44469
44220 8.21857
44230 7.99933
44240 7.78682
44250 7.58086
44260 7.3813
44270 7.18799
44280 7.00077
44290 6.81951
44300 6.64407
44310 6.47433
44320 6.31017
44330 6.15146
44340 5.99809
44350 5.84996
44360 5.70698
44370 5.56904
44380 5.43606
44390 5.30797
44400 5.18468
44410 5.06613
44420 4.95226
44430 4.843
44440 4.73832
44450 4.63818
44460 4.54253
44470 4.45135
44480 4.36462
44490 4.28233
44500 4.20447
44510 4.13105
44520 4.06209
44530 3.9976
44540 3.93761
44550 3.88218
44560 3.83133
44570 3.78515
44580 3.7437
44590 3.70706
44600 3.67533
44610 3.64861
44620 3.62704
44630 3.61073
44640 3.59984
44650 3.59452
44660 3.59496
44670 3.60135
44680 3.61389
44690 3.63282
44700 3.65835
44710 3.69077
44720 3.73034
44730 3.77736
44740 3.83215
44750 3.89503
44760 3.96636
44770 4.04651
44780 4.13587
44790 4.23486
44800 4.34391
44810 4.46347
44820 4.59401
44830 4.73602
44840 4.89002
44850 5.05652
44860 5.23608
44870 5.42925
44880 5.63662
44890 5.85876
44900 6.09628
44910 6.34978
44920 6.61989
44930 6.90723
44940 7.21242
44950 7.53609
44960 7.87886
44970 8.24133
44980 8.62413
44990 9.02784
45000 9.45304
45010 9.90028
45020 10.3701
45030 10.863
45040 11.3795
45050 11.9199
45060 12.4848
45070 13.0744
45080 13.6891
45090 14.3292
45100 14.9948
45110 15.6863
45120 16.4036
45130 17.1468
45140 17.9161
45150 18.7113
45160 19.5323
45170 20.3791
45180 21.2514
45190 22.149
45200 23.0715
45210 24.0187
45220 24.9901
45230 25.9853
45240 27.0037
45250 28.045
45260 29.1084
45270 30.1934
45280 31.2993
45290 32.4255
45300 33.5712
45310 34.7357
45320 35.9182
45330 37.118
45340 38.3342
45350 39.566
45360 40.8125
45370 42.0729
45380 43.3464
45390 44.632
45400 45.9288
45410 47.2361
45420 48.5527
45430 49.878
45440 51.2109
45450 52.5506
45460 53.8962
45470 55.2468
45480 56.6015
45490 57.9595
45500 59.32
45510 60.682
45520 62.0447
45530 63.4074
45540 64.7692
45550 66.1293
45560 67.487
45570 68.8416
45580 70.1922
45590 71.5382
45600 72.8789
45610 74.2136
45620 75.5416
45630 76.8623
45640 78.1752
45650 79.4795
45660 80.7748
45670 82.0604
45680 83.3359
45690 84.6007
45700 85.8542
45710 87.0962
45720 88.326
45730 89.5433
45740 90.7475
45750 91.9384
45760 93.1155
45770 94.2784
45780 95.4269
45790 96.5604
45800 97.6788
45810 98.7816
45820 99.8686
45830 100.939
45840 101.994
45850 103.032
45860 104.052
45870 105.056
45880 106.042
45890 107.01
45900 107.96
45910 108.892
45920 109.805
45930 110.699
45940 111.574
45950 112.429
45960 113.265
45970 114.08
45980 114.875
45990 115.649
46000 116.402
46010 117.133
46020 117.842
46030 118.527
46040 119.19
46050 119.829
46060 120.442
46070 121.031
46080 121.593
46090 122.129
46100 122.636
46110 123.114
46120 123.561
46130 123.977
46140 124.36
46150 124.709
46160 125.021
46170 125.296
46180 125.531
46190 125.724
46200 125.873
46210 125.976
46220 126.031
46230 126.035
46240 125.985
46250 125.879
46260 125.715
46270 125.489
46280 125.199
46290 124.844
46300 124.42
46310 123.925
46320 123.358
46330 122.716
46340 122
46350 121.207
46360 120.338
46370 119.393
46380 118.372
46390 117.276
46400 116.107
46410 114.868
46420 113.56
46430 112.186
46440 110.751
46450 109.258
46460 107.711
46470 106.115
46480 104.473
46490 102.791
46500 101.073
46510 99.324
46520 97.5489
46530 95.7522
46540 93.9383
46550 92.1116
46560 90.2761
46570 88.4359
46580 86.5946
46590 84.7558
46600 82.9227
46610 81.0982
46620 79.2852
46630 77.4861
46640 75.7033
46650 73.9388
46660 72.1945
46670 70.472
46680 68.7729
46690 67.0982
46700 65.4493
46710 63.827
46720 62.2321
46730 60.6652
46740 59.1271
46750 57.6179
46760 56.1382
46770 54.6881
46780 53.2677
46790 51.8771
46800 50.5163
46810 49.1852
46820 47.8837
46830 46.6116
46840 45.3687
46850 44.1547
46860 42.9693
46870 41.8122
46880 40.6829
46890 39.5812
46900 38.5065
46910 37.4585
46920 36.4368
46930 35.4408
46940 34.4701
46950 33.5243
46960 32.6028
46970 31.7053
46980 30.8311
46990 29.9799
47000 29.1511
47010 28.3442
47020 27.5588
47030 26.7944
47040 26.0506
47050 25.3267
47060 24.6225
47070 23.9373
47080 23.2709
47090 22.6226
47100 21.9922
47110 21.379
47120 20.7828
47130 20.2031
47140 19.6394
47150 19.0914
47160 18.5587
47170 18.0409
47180 17.5376
47190 17.0485
47200 16.5731
47210 16.1111
47220 15.6622
47230 15.226
47240 14.8022
47250 14.3905
47260 13.9905
47270 13.6019
47280 13.2245
47290 12.8579
47300 12.5019
47310 12.1562
47320 11.8204
47330 11.4944
47340 11.1779
47350 10.8706
47360 10.5723
47370 10.2827
47380 10.0017
47390 9.72895
47400 9.46429
47410 9.2075
47420 8.95838
47430 8.71673
47440 8.48237
47450 8.2551
47460 8.03475
47470 7.82114
47480 7.61412
47490 7.41353
47500 7.2192
47510 7.03099
47520 6.84877
47530 6.67239
47540 6.50173
47550 6.33666
47560 6.17706
47570 6.02283
47580 5.87385
47590 5.73003
47600 5.59127
47610 5.45749
47620 5.3286
47630 5.20453
47640 5.08521
47650 4.97057
47660 4.86057
47670 4.75514
47680 4.65426
47690 4.55787
47700 4.46596
47710 4.37851
47720 4.29549
47730 4.21691
47740 4.14276
47750 4.07307
47760 4.00785
47770 3.94712
47780 3.89094
47790 3.83934
47800 3.79239
47810 3.75016
47820 3.71272
47830 3.68018
47840 3.65264
47850 3.63021
47860 3.61303
47870 3.60124
47880 3.59501
47890 3.59449
47900 3.59989
47910 3.61141
47920 3.62927
47930 3.65371
47940 3.68499
47950 3.72337
47960 3.76915
47970 3.82264
47980 3.88417
47990 3.9541
48000 4.03278
48010 4.12061
48020 4.21799
48030 4.32536
48040 4.44317
48050 4.57188
48060 4.71198
48070 4.86398
48080 5.0284
48090 5.20578
48100 5.39669
48110 5.60169
48120 5.82137
48130 6.05634
48140 6.30718
48150 6.57454
48160 6.85901
48170 7.16124
48180 7.48184
48190 7.82144
48200 8.18065
48210 8.56009
48220 8.96033
48230 9.38198
48240 9.82558
48250 10.2917
48260 10.7808
48270 11.2933
48280 11.8298
48290 12.3907
48300 12.9762
48310 13.5868
48320 14.2227
48330 14.8842
48340 15.5714
48350 16.2844
48360 17.0235
48370 17.7885
48380 18.5794
48390 19.3962
48400 20.2388
48410 21.107
48420 22.0004
48430 22.9189
48440 23.8621
48450 24.8295
48460 25.8208
48470 26.8355
48480 27.8731
48490 28.9329
48500 30.0144
48510 31.117
48520 32.2399
48530 33.3824
48540 34.5439
48550 35.7235
48560 36.9205
48570 38.1341
48580 39.3634
48590 40.6076
48600 41.8658
48610 43.1372
48620 44.4209
48630 45.716
48640 47.0216
48650 48.3367
48660 49.6607
48670 50.9924
48680 52.331
48690 53.6757
48700 55.0256
48710 56.3797
48720 57.7372
48730 59.0973
48740 60.4591
48750 61.8218
48760 63.1845
48770 64.5465
48780 65.907
48790 67.2651
48800 68.6203
48810 69.9716
48820 71.3184
48830 72.66
48840 73.9957
48850 75.3249
48860 76.6468
48870 77.961
48880 79.2668
48890 80.5636
48900 81.8508
48910 83.128
48920 84.3945
48930 85.65
48940 86.8939
48950 88.1257
48960 89.3451
48970 90.5515
48980 91.7446
48990 92.924
49000 94.0892
49010 95.2401
49020 96.3761
49030 97.4969
49040 98.6023
49050 99.6919
49060 100.765
49070 101.823
49080 102.863
49090 103.887
49100 104.893
49110 105.882
49120 106.853
49130 107.806
49140 108.741
49150 109.657
49160 110.554
49170 111.432
49180 112.291
49190 113.13
49200 113.949
49210 114.747
49220 115.524
49230 116.28
49240 117.015
49250 117.727
49260 118.417
49270 119.083
49280 119.726
49290 120.344
49300 120.937
49310 121.503
49320 122.043
49330 122.555
49340 123.038
49350 123.49
49360 123.912
49370 124.3
49380 124.654
49390 124.973
49400 125.254
49410 125.495
49420 125.695
49430 125.852
49440 125.963
49450 126.026
49460 126.038
49470 125.997
49480 125.9
49490 125.746
49500 125.53
49510 125.251
49520 124.907
49530 124.494
49540 124.011
49550 123.455
49560 122.826
49570 122.122
49580 121.342
49590 120.486
49600 119.553
49610 118.544
49620 117.46
49630 116.304
49640 115.075
49650 113.778
49660 112.416
49670 110.99
49680 109.506
49690 107.968
49700 106.379
49710 104.744
49720 103.069
49730 101.356
49740 99.6122
49750 97.8411
49760 96.0476
49770 94.2362
49780 92.4113
49790 90.577
49800 88.7373
49810 86.8959
49820 85.0565
49830 83.2222
49840 81.3961
49850 79.581
49860 77.7795
49870 75.9939
49880 74.2263
49890 72.4786
49900 70.7524
49910 69.0493
49920 67.3706
49930 65.7174
49940 64.0906
49950 62.4912
49960 60.9197
49970 59.3768
49980 57.8629
49990 56.3784
50000 54.9234
50010 53.4981
50020 52.1026
50030 50.737
50040 49.401
50050 48.0947
50060 46.8178
50070 45.5702
50080 44.3515
50090 43.1614
50100 41.9996
50110 40.8658
50120 39.7596
50130 38.6805
50140 37.6282
50150 36.6022
50160 35.602
50170 34.6273
50180 33.6774
50190 32.752
50200 31.8506
50210 30.9726
50220 30.1176
50230 29.2852
50240 28.4748
50250 27.6859
50260 26.9181
50270 26.1709
50280 25.4438
50290 24.7364
50300 24.0482
50310 23.3787
50320 22.7275
50330 22.0941
50340 21.4782
50350 20.8792
50360 20.2968
50370 19.7306
50380 19.1801
50390 18.6449
50400 18.1247
50410 17.619
50420 17.1276
50430 16.65
50440 16.1858
50450 15.7348
50460 15.2965
50470 14.8707
50480 14.457
50490 14.0552
50500 13.6648
50510 13.2855
50520 12.9172
50530 12.5595
50540 12.2121
50550 11.8747
50560 11.5471
50570 11.2291
50580 10.9203
50590 10.6205
50600 10.3295
50610 10.0471
50620 9.77303
50630 9.50706
50640 9.249
50650 8.99864
50660 8.75578
50670 8.52023
50680 8.29182
50690 8.07034
50700 7.85565
50710 7.64756
50720 7.44593
50730 7.25058
50740 7.06138
50750 6.87819
50760 6.70086
50770 6.52927
50780 6.3633
50790 6.20281
50800 6.04771
50810 5.89788
50820 5.75322
50830 5.61364
50840 5.47905
50850 5.34936
50860 5.22451
50870 5.10442
50880 4.98902
50890 4.87826
50900 4.77209
50910 4.67046
50920 4.57334
50930 4.4807
50940 4.39252
50950 4.30877
50960 4.22947
50970 4.1546
50980 4.08417
50990 4.01821
51000 3.95675
51010 3.89982
51020 3.84747
51030 3.79975
51040 3.75674
51050 3.71852
51060 3.68517
51070 3.6568
51080 3.63353
51090 3.61548
51100 3.6028
51110 3.59564
51120 3.59418
51130 3.5986
51140 3.6091
51150 3.62591
51160 3.64925
51170 3.67939
51180 3.71659
51190 3.76114
51200 3.81335
51210 3.87354
51220 3.94206
51230 4.01928
51240 4.10559
51250 4.20138
51260 4.30709
51270 4.42316
51280 4.55005
51290 4.68825
51300 4.83827
51310 5.00062
51320 5.17584
51330 5.3645
51340 5.56715
51350 5.78439
51360 6.01681
51370 6.26502
51380 6.52963
51390 6.81126
51400 7.11054
51410 7.42809
51420 7.76453
51430 8.12049
51440 8.49658
51450 8.89338
51460 9.31148
51470 9.75145
51480 10.2138
51490 10.6991
51500 11.2078
51510 11.7404
51520 12.2972
51530 12.8787
51540 13.4852
51550 14.1169
51560 14.7742
51570 15.4571
51580 16.166
51590 16.9007
51600 17.6615
51610 18.4482
51620 19.2608
51630 20.0992
51640 20.9631
51650 21.8525
51660 22.7669
51670 23.706
51680 24.6695
51690 25.657
51700 26.6679
51710 27.7017
51720 28.7579
51730 29.8359
51740 30.9351
51750 32.0547
51760 33.1941
51770 34.3525
51780 35.5293
51790 36.7235
51800 37.9344
51810 39.1612
51820 40.403
51830 41.659
51840 42.9283
51850 44.21
51860 45.5033
51870 46.8072
51880 48.1209
51890 49.4434
51900 50.7739
51910 52.1115
51920 53.4552
51930 54.8043
51940 56.1578
51950 57.5148
51960 58.8745
51970 60.2361
51980 61.5987
51990 62.9615
52000 64.3237
52010 65.6844
52020 67.043
52030 68.3987
52040 69.7507
52050 71.0983
52060 72.4408
52070 73.7775
52080 75.1078
52090 76.431
52100 77.7465
52110 79.0536
52120 80.3519
52130 81.6408
52140 82.9196
52150 84.188
52160 85.4453
52170 86.6911
52180 87.9249
52190 89.1463
52200 90.3549
52210 91.5502
52220 92.7319
52230 93.8995
52240 95.0527
52250 96.1911
52260 97.3145
52270 98.4225
52280 99.5147
52290 100.591
52300 101.651
52310 102.694
52320 103.72
52330 104.729
52340 105.721
52350 106.695
52360 107.651
52370 108.589
52380 109.508
52390 110.409
52400 111.29
52410 112.152
52420 112.994
52430 113.816
52440 114.618
52450 115.398
52460 116.158
52470 116.896
52480 117.612
52490 118.306
52500 118.976
52510 119.622
52520 120.244
52530 120.841
52540 121.412
52550 121.956
52560 122.473
52570 122.961
52580 123.418
52590 123.845
52600 124.239
52610 124.599
52620 124.923
52630 125.21
52640 125.459
52650 125.666
52660 125.829
52670 125.948
52680 126.019
52690 126.039
52700 126.007
52710 125.92
52720 125.775
52730 125.57
52740 125.301
52750 124.968
52760 124.566
52770 124.095
52780 123.551
52790 122.934
52800 122.243
52810 121.475
52820 120.631
52830 119.711
52840 118.714
52850 117.643
52860 116.498
52870 115.281
52880 113.995
52890 112.643
52900 111.228
52910 109.753
52920 108.223
52930 106.642
52940 105.015
52950 103.345
52960 101.639
52970 99.8995
52980 98.1326
52990 96.3424
53000 94.5337
53010 92.7106
53020 90.8776
53030 89.0385
53040 87.1972
53050 85.3572
53060 83.5219
53070 81.6943
53080 79.8772
53090 78.0733
53100 76.2849
53110 74.5142
53120 72.7631
53130 71.0333
53140 69.3264
53150 67.6436
53160 65.9861
53170 64.355
53180 62.751
53190 61.175
53200 59.6274
53210 58.1087
53220 56.6193
53230 55.1595
53240 53.7293
53250 52.329
53260 50.9584
53270 49.6176
53280 48.3065
53290 47.0248
53300 45.7724
53310 44.5489
53320 43.3542
53330 42.1878
53340 41.0495
53350 39.9388
53360 38.8553
53370 37.7986
53380 36.7683
53390 35.764
53400 34.7851
53410 33.8312
53420 32.9018
53430 31.9965
53440 31.1147
53450 30.256
53460 29.4199
53470 28.6059
53480 27.8136
53490 27.0424
53500 26.2918
53510 25.5615
53520 24.8509
53530 24.1595
53540 23.487
53550 22.8328
53560 22.1966
53570 21.5778
53580 20.9761
53590 20.391
53600 19.8222
53610 19.2691
53620 18.7315
53630 18.2088
53640 17.7008
53650 17.2071
53660 16.7272
53670 16.2609
53680 15.8077
53690 15.3674
53700 14.9396
53710 14.5239
53720 14.1201
53730 13.7279
53740 13.3468
53750 12.9767
53760 12.6173
53770 12.2682
53780 11.9292
53790 11.6001
53800 11.2805
53810 10.9702
53820 10.669
53830 10.3766
53840 10.0928
53850 9.81732
53860 9.55004
53870 9.2907
53880 9.03909
53890 8.79502
53900 8.55829
53910 8.32872
53920 8.10612
53930 7.89033
53940 7.68117
53950 7.47849
53960 7.28213
53970 7.09193
53980 6.90777
53990 6.72949
54000 6.55697
54010 6.39008
54020 6.2287
54030 6.07273
54040 5.92204
54050 5.77654
54060 5.63614
54070 5.50074
54080 5.37025
54090 5.24461
54100 5.12375
54110 5.00758
54120 4.89607
54130 4.78915
54140 4.68678
54150 4.58893
54160 4.49556
54170 4.40664
54180 4.32217
54190 4.24214
54200 4.16654
54210 4.09539
54220 4.0287
54230 3.9665
54240 3.90882
54250 3.85572
54260 3.80724
54270 3.76345
54280 3.72444
54290 3.69029
54300 3.6611
54310 3.63698
54320 3.61807
54330 3.6045
54340 3.59643
54350 3.59402
54360 3.59746
54370 3.60696
54380 3.62272
54390 3.64497
54400 3.67398
54410 3.71001
54420 3.75333
54430 3.80426
54440 3.86313
54450 3.93026
54460 4.00603
54470 4.09083
54480 4.18504
54490 4.28909
54500 4.40343
54510 4.52852
54520 4.66484
54530 4.81288
54540 4.97318
54550 5.14626
54560 5.33268
54570 5.533
54580 5.74781
54590 5.97771
54600 6.22329
54610 6.48517
54620 6.76397
54630 7.06032
54640 7.37484
54650 7.70815
54660 8.06088
54670 8.43362
54680 8.827
54690 9.24157
54700 9.67793
54710 10.1366
54720 10.6181
54730 11.1229
54740 11.6516
54750 12.2044
54760 12.7818
54770 13.3842
54780 14.0118
54790 14.6648
54800 15.3436
54810 16.0482
54820 16.7787
54830 17.5352
54840 18.3177
54850 19.126
54860 19.9602
54870 20.82
54880 21.7052
54890 22.6155
54900 23.5506
54910 24.5102
54920 25.4938
54930 26.5009
54940 27.531
54950 28.5836
54960 29.6581
54970 30.7538
54980 31.8701
54990 33.0063
55000 34.1617
55010 35.3355
55020 36.5269
55030 37.7351
55040 38.9593
55050 40.1988
55060 41.4525
55070 42.7197
55080 43.9994
55090 45.2909
55100 46.5931
55110 47.9052
55120 49.2264
55130 50.5557
55140 51.8921
55150 53.2349
55160 54.5832
55170 55.936
55180 57.2925
55190 58.6519
55200 60.0132
55210 61.3757
55220 62.7385
55230 64.1008
55240 65.4619
55250 66.8209
55260 68.1771
55270 69.5297
55280 70.8781
55290 72.2214
55300 73.5591
55310 74.8905
55320 76.2149
55330 77.5317
55340 78.8403
55350 80.1401
55360 81.4305
55370 82.7111
55380 83.9811
55390 85.2403
55400 86.488
55410 87.7238
55420 88.9473
55430 90.158
55440 91.3555
55450 92.5394
55460 93.7094
55470 94.865
55480 96.0059
55490 97.1317
55500 98.2422
55510 99.337
55520 100.416
55530 101.478
55540 102.524
55550 103.553
55560 104.565
55570 105.56
55580 106.537
55590 107.496
55600 108.437
55610 109.359
55620 110.262
55630 111.147
55640 112.012
55650 112.857
55660 113.683
55670 114.488
55680 115.272
55690 116.035
55700 116.777
55710 117.497
55720 118.194
55730 118.868
55740 119.518
55750 120.144
55760 120.745
55770 121.321
55780 121.869
55790 122.39
55800 122.883
55810 123.345
55820 123.777
55830 124.177
55840 124.542
55850 124.873
55860 125.166
55870 125.421
55880 125.635
55890 125.806
55900 125.932
55910 126.01
55920 126.039
55930 126.016
55940 125.938
55950 125.803
55960 125.608
55970 125.35
55980 125.027
55990 124.637
56000 124.177
56010 123.645
56020 123.04
56030 122.361
56040 121.606
56050 120.774
56060 119.866
56070 118.882
56080 117.823
56090 116.69
56100 115.485
56110 114.21
56120 112.869
56130 111.464
56140 109.998
56150 108.477
56160 106.904
56170 105.284
56180 103.621
56190 101.92
56200 100.186
56210 98.4235
56220 96.6368
56230 94.8308
56240 93.0098
56250 91.1781
56260 89.3398
56270 87.4986
56280 85.6581
56290 83.8218
56300 81.9927
56310 80.1737
56320 78.3675
56330 76.5765
56340 74.8027
56350 73.0483
56360 71.3149
56370 69.6041
56380 67.9173
56390 66.2556
56400 64.6201
56410 63.0116
56420 61.431
56430 59.8787
56440 58.3552
56450 56.861
56460 55.3963
56470 53.9613
56480 52.5561
56490 51.1807
56500 49.835
56510 48.519
56520 47.2326
56530 45.9754
56540 44.7472
56550 43.5478
56560 42.3768
56570 41.2339
56580 40.1187
56590 39.0308
56600 37.9697
56610 36.9352
56620 35.9266
56630 34.9436
56640 33.9856
56650 33.0522
56660 32.143
56670 31.2574
56680 30.395
56690 29.5552
56700 28.7377
56710 27.9418
56720 27.1671
56730 26.4133
56740 25.6796
56750 24.9658
56760 24.2714
56770 23.5958
56780 22.9387
56790 22.2995
56800 21.6779
56810 21.0734
56820 20.4857
56830 19.9142
56840 19.3586
56850 18.8184
56860 18.2933
56870 17.783
56880 17.2869
56890 16.8048
56900 16.3363
56910 15.881
56920 15.4386
56930 15.0088
56940 14.5911
56950 14.1854
56960 13.7913
56970 13.4084
56980 13.0366
56990 12.6754
57000 12.3247
57010 11.984
57020 11.6533
57030 11.3321
57040 11.0203
57050 10.7176
57060 10.4238
57070 10.1386
57080 9.86184
57090 9.59324
57100 9.33261
57110 9.07975
57120 8.83446
57130 8.59654
57140 8.36581
57150 8.14208
57160 7.92519
57170 7.71495
57180 7.51122
57190 7.31384
57200 7.12264
57210 6.9375
57220 6.75827
57230 6.58481
57240 6.41701
57250 6.25474
57260 6.09789
57270 5.94634
57280 5.8
57290 5.65877
57300 5.52256
57310 5.39128
57320 5.26485
57330 5.1432
57340 5.02628
57350 4.914
57360 4.80634
57370 4.70323
57380 4.60463
57390 4.51053
57400 4.42089
57410 4.33569
57420 4.25494
57430 4.17861
57440 4.10673
57450 4.03931
57460 3.97637
57470 3.91795
57480 3.86409
57490 3.81485
57500 3.7703
57510 3.7305
57520 3.69554
57530 3.66553
57540 3.64058
57550 3.6208
57560 3.60635
57570 3.59736
57580 3.59402
57590 3.59649
57600 3.60498
57610 3.6197
57620 3.64088
57630 3.66876
57640 3.70362
57650 3.74573
57660 3.79539
57670 3.85294
57680 3.91869
57690 3.99303
57700 4.07632
57710 4.16896
57720 4.27137
57730 4.384
57740 4.50729
57750 4.64174
57760 4.78783
57770 4.94609
57780 5.11704
57790 5.30123
57800 5.49924
57810 5.71164
57820 5.93903
57830 6.182
57840 6.44117
57850 6.71716
57860 7.0106
57870 7.3221
57880 7.65229
57890 8.0018
57900 8.37123
57910 8.76118
57920 9.17225
57930 9.605
57940 10.06
57950 10.5377
57960 11.0387
57970 11.5634
57980 12.1123
57990 12.6856
58000 13.2839
58010 13.9073
58020 14.5562
58030 15.2307
58040 15.9311
58050 16.6574
58060 17.4096
58070 18.1878
58080 18.992
58090 19.8219
58100 20.6775
58110 21.5586
58120 22.4648
58130 23.3959
58140 24.3515
58150 25.3312
58160 26.3344
58170 27.3608
58180 28.4098
58190 29.4807
58200 30.573
58210 31.686
58220 32.819
58230 33.9713
58240 35.1421
58250 36.3307
58260 37.5363
58270 38.7579
58280 39.9949
58290 41.2464
58300 42.5114
58310 43.7891
58320 45.0787
58330 46.3793
58340 47.6899
58350 49.0096
58360 50.3376
58370 51.673
58380 53.0148
58390 54.3622
58400 55.7143
58410 57.0703
58420 58.4292
58430 59.7903
58440 61.1527
58450 62.5155
58460 63.8779
58470 65.2392
58480 66.5986
58490 67.9553
58500 69.3086
58510 70.6577
58520 72.002
58530 73.3406
58540 74.6731
58550 75.9987
58560 77.3168
58570 78.6267
58580 79.928
58590 81.22
58600 82.5022
58610 83.774
58620 85.035
58630 86.2846
58640 87.5224
58650 88.7479
58660 89.9608
58670 91.1605
58680 92.3466
58690 93.5189
58700 94.6768
58710 95.8202
58720 96.9485
58730 98.0615
58740 99.1589
58750 100.24
58760 101.306
58770 102.354
58780 103.386
58790 104.401
58800 105.398
58810 106.378
58820 107.34
58830 108.284
58840 109.209
58850 110.116
58860 111.003
58870 111.872
58880 112.72
58890 113.549
58900 114.357
58910 115.145
58920 115.912
58930 116.657
58940 117.38
58950 118.081
58960 118.759
58970 119.413
58980 120.044
58990 120.649
59000 121.228
59010 121.781
59020 122.307
59030 122.804
59040 123.272
59050 123.709
59060 124.113
59070 124.485
59080 124.821
59090 125.121
59100 125.382
59110 125.602
59120 125.781
59130 125.914
59140 126.001
59150 126.038
59160 126.024
59170 125.955
59180 125.829
59190 125.644
59200 125.396
59210 125.084
59220 124.705
59230 124.257
59240 123.737
59250 123.145
59260 122.477
59270 121.735
59280 120.916
59290 120.02
59300 119.049
59310 118.002
59320 116.881
59330 115.687
59340 114.424
59350 113.093
59360 111.698
59370 110.242
59380 108.73
59390 107.165
59400 105.552
59410 103.896
59420 102.201
59430 100.472
59440 98.7137
59450 96.9306
59460 95.1275
59470 93.3087
59480 91.4784
59490 89.6409
59500 87.7999
59510 85.9591
59520 84.1219
59530 82.2914
59540 80.4706
59550 78.6622
59560 76.8685
59570 75.0918
59580 73.334
59590 71.5971
59600 69.8825
59610 68.1917
59620 66.5258
59630 64.8859
59640 63.273
59650 61.6877
59660 60.1308
59670 58.6026
59680 57.1036
59690 55.634
59700 54.1941
59710 52.784
59720 51.4038
59730 50.0532
59740 48.7324
59750 47.4411
59760 46.1791
59770 44.9462
59780 43.7421
59790 42.5665
59800 41.419
59810 40.2993
59820 39.207
59830 38.1416
59840 37.1027
59850 36.0899
59860 35.1027
59870 34.1407
59880 33.2033
59890 32.2902
59900 31.4008
59910 30.5346
59920 29.6911
59930 28.87
59940 28.0706
59950 27.2925
59960 26.5352
59970 25.7983
59980 25.0813
59990 24.3837
