0 0
10 4.79647
20 9.44724
30 13.9567
40 18.3292
50 22.5689
60 26.6798
70 30.6658
80 34.5307
90 38.2782
100 41.9119
110 45.4352
120 48.8515
130 52.164
140 55.3758
150 58.4901
160 61.5098
170 64.4378
180 67.2768
190 70.0296
200 72.6987
210 75.2868
220 77.7962
230 80.2295
240 82.5888
250 84.8764
260 87.0945
270 89.2453
280 91.3307
290 93.3528
300 95.3135
310 97.2145
320 99.0579
330 100.845
340 102.578
350 104.259
360 105.888
370 107.468
380 109
390 110.485
400 111.925
410 113.322
420 114.676
430 115.989
440 117.262
450 118.496
460 119.693
470 120.853
480 121.979
490 123.07
500 124.128
510 125.154
520 126.148
530 127.113
540 128.048
550 128.954
560 129.834
570 130.686
580 131.513
590 132.314
600 133.091
610 133.845
620 134.575
630 135.284
640 135.971
650 136.637
660 137.282
670 137.909
680 138.516
690 139.104
700 139.675
710 140.229
720 140.765
730 141.286
740 141.79
750 142.28
760 142.754
770 143.214
780 143.66
790 144.092
800 144.512
810 144.918
820 145.313
830 145.695
840 146.065
850 146.425
860 146.773
870 147.111
880 147.439
890 147.756
900 148.064
910 148.363
920 148.653
930 148.933
940 149.206
950 149.47
960 149.726
970 149.974
980 150.214
990 150.448
1000 150.674
1010 150.893
1020 151.106
1030 151.312
1040 151.512
1050 151.706
1060 151.894
1070 152.076
1080 152.25
1090 152.389
1100 152.401
1110 152.108
1120 151.309
1130 149.884
1140 147.848
1150 145.308
1160 142.398
1170 139.237
1180 135.918
1190 132.511
1200 129.064
1210 125.612
1220 122.182
1230 118.79
1240 115.45
1250 112.171
1260 108.958
1270 105.816
1280 102.747
1290 99.7535
1300 96.8357
1310 93.9938
1320 91.2274
1330 88.5359
1340 85.9183
1350 83.3734
1360 80.8998
1370 78.4963
1380 76.1613
1390 73.8932
1400 71.6906
1410 69.5517
1420 67.475
1430 65.459
1440 63.5019
1450 61.6024
1460 59.7587
1470 57.9694
1480 56.2329
1490 54.5479
1500 52.9128
1510 51.3263
1520 49.7869
1530 48.2934
1540 46.8443
1550 45.4385
1560 44.0746
1570 42.7514
1580 41.4678
1590 40.2226
1600 39.0147
1610 37.843
1620 36.7064
1630 35.6038
1640 34.5343
1650 33.4969
1660 32.4907
1670 31.5147
1680 30.568
1690 29.6497
1700 28.7591
1710 27.8952
1720 27.0574
1730 26.2447
1740 25.4565
1750 24.692
1760 23.9505
1770 23.2314
1780 22.5339
1790 21.8574
1800 21.2013
1810 20.565
1820 19.9478
1830 19.3493
1840 18.7688
1850 18.2058
1860 17.6597
1870 17.1302
1880 16.6166
1890 16.1185
1900 15.6354
1910 15.1669
1920 14.7125
1930 14.2719
1940 13.8445
1950 13.43
1960 13.0281
1970 12.6383
1980 12.2602
1990 11.8935
2000 11.538
2010 11.1931
2020 10.8587
2030 10.5343
2040 10.2198
2050 9.91473
2060 9.61889
2070 9.33198
2080 9.05374
2090 8.78389
2100 8.5222
2110 8.26841
2120 8.02228
2130 7.78359
2140 7.55211
2150 7.32761
2160 7.1099
2170 6.89877
2180 6.69403
2190 6.49547
2200 6.30293
2210 6.11623
2220 5.93519
2230 5.75965
2240 5.58945
2250 5.42443
2260 5.26444
2270 5.10933
2280 4.95896
2290 4.8132
2300 4.67191
2310 4.53497
2320 4.40223
2330 4.2736
2340 4.14894
2350 4.02814
2360 3.91109
2370 3.79769
2380 3.68782
2390 3.5814
2400 3.47832
2410 3.37849
2420 3.28181
2430 3.18821
2440 3.09758
2450 3.00986
2460 2.92496
2470 2.8428
2480 2.76331
2490 2.68642
2500 2.61206
2510 2.54016
2520 2.47066
2530 2.4035
2540 2.33861
2550 2.27594
2560 2.21543
2570 2.15704
2580 2.10071
2590 2.04639
2600 1.99403
2610 1.9436
2620 1.89504
2630 1.84833
2640 1.80341
2650 1.76027
2660 1.71885
2670 1.67913
2680 1.64108
2690 1.60467
2700 1.56987
2710 1.53666
2720 1.50502
2730 1.47493
2740 1.44637
2750 1.41931
2760 1.39376
2770 1.36968
2780 1.34709
2790 1.32596
2800 1.30628
2810 1.28807
2820 1.27131
2830 1.256
2840 1.24214
2850 1.22975
2860 1.21883
2870 1.20938
2880 1.20143
2890 1.19497
2900 1.19004
2910 1.18666
2920 1.18483
2930 1.1846
2940 1.18598
2950 1.18901
2960 1.19373
2970 1.20018
2980 1.20839
2990 1.21841
3000 1.23029
3010 1.24408
3020 1.25984
3030 1.27764
3040 1.29753
3050 1.31959
3060 1.34389
3070 1.37051
3080 1.39954
3090 1.43107
3100 1.4652
3110 1.50202
3120 1.54165
3130 1.5842
3140 1.62979
3150 1.67855
3160 1.73062
3170 1.78614
3180 1.84526
3190 1.90815
3200 1.97496
3210 2.04588
3220 2.1211
3230 2.20081
3240 2.28521
3250 2.37454
3260 2.469
3270 2.56885
3280 2.67433
3290 2.78571
3300 2.90326
3310 3.02728
3320 3.15805
3330 3.29591
3340 3.44118
3350 3.59419
3360 3.75532
3370 3.92494
3380 4.10343
3390 4.2912
3400 4.48867
3410 4.69627
3420 4.91447
3430 5.14372
3440 5.38451
3450 5.63735
3460 5.90274
3470 6.18123
3480 6.47335
3490 6.77966
3500 7.10075
3510 7.4372
3520 7.7896
3530 8.15857
3540 8.54473
3550 8.94871
3560 9.37113
3570 9.81265
3580 10.2739
3590 10.7555
3600 11.2581
3610 11.7824
3620 12.3289
3630 12.8984
3640 13.4913
3650 14.1083
3660 14.7499
3670 15.4166
3680 16.109
3690 16.8276
3700 17.5727
3710 18.3448
3720 19.1442
3730 19.9712
3740 20.826
3750 21.7088
3760 22.6197
3770 23.5587
3780 24.5259
3790 25.521
3800 26.544
3810 27.5946
3820 28.6724
3830 29.777
3840 30.9079
3850 32.0644
3860 33.246
3870 34.4517
3880 35.6808
3890 36.9324
3900 38.2053
3910 39.4986
3920 40.811
3930 42.1413
3940 43.4882
3950 44.8503
3960 46.2263
3970 47.6145
3980 49.0137
3990 50.4221
4000 51.8381
4010 53.2603
4020 54.6869
4030 56.1163
4040 57.5469
4050 58.9769
4060 60.4047
4070 61.8286
4080 63.2471
4090 64.6584
4100 66.0609
4110 67.453
4120 68.8331
4130 70.1997
4140 71.5512
4150 72.886
4160 74.2028
4170 75.4999
4180 76.776
4190 78.0297
4200 79.2594
4210 80.4638
4220 81.6415
4230 82.7911
4240 83.9113
4250 85.0006
4260 86.0578
4270 87.0813
4280 88.0699
4290 89.022
4300 89.9363
4310 90.8114
4320 91.6457
4330 92.4376
4340 93.1858
4350 93.8886
4360 94.5443
4370 95.1514
4380 95.7082
4390 96.2129
4400 96.6638
4410 97.0592
4420 97.3974
4430 97.6765
4440 97.8949
4450 98.051
4460 98.143
4470 98.1695
4480 98.129
4490 98.0204
4500 97.8424
4510 97.5941
4520 97.2748
4530 96.8842
4540 96.4219
4550 95.8881
4560 95.2833
4570 94.6082
4580 93.864
4590 93.0522
4600 92.1745
4610 91.2331
4620 90.2305
4630 89.1696
4640 88.0534
4650 86.8853
4660 85.6688
4670 84.4076
4680 83.1056
4690 81.7668
4700 80.3952
4710 78.9948
4720 77.5696
4730 76.1236
4740 74.6607
4750 73.1846
4760 71.6989
4770 70.2071
4780 68.7125
4790 67.2181
4800 65.7268
4810 64.2413
4820 62.7642
4830 61.2977
4840 59.8438
4850 58.4046
4860 56.9816
4870 55.5764
4880 54.1903
4890 52.8246
4900 51.4803
4910 50.1582
4920 48.859
4930 47.5835
4940 46.3321
4950 45.1051
4960 43.903
4970 42.7259
4980 41.574
4990 40.4472
5000 39.3457
5010 38.2693
5020 37.2178
5030 36.1912
5040 35.1892
5050 34.2116
5060 33.258
5070 32.3283
5080 31.4219
5090 30.5387
5100 29.6782
5110 28.8399
5120 28.0236
5130 27.2288
5140 26.4551
5150 25.7021
5160 24.9693
5170 24.2563
5180 23.5627
5190 22.888
5200 22.2318
5210 21.5938
5220 20.9733
5230 20.3701
5240 19.7838
5250 19.2138
5260 18.6598
5270 18.1214
5280 17.5983
5290 17.0899
5300 16.596
5310 16.1161
5320 15.6498
5330 15.197
5340 14.757
5350 14.3297
5360 13.9147
5370 13.5116
5380 13.1202
5390 12.7401
5400 12.3709
5410 12.0125
5420 11.6645
5430 11.3265
5440 10.9984
5450 10.6799
5460 10.3707
5470 10.0705
5480 9.77907
5490 9.49619
5500 9.22161
5510 8.95508
5520 8.69639
5530 8.44532
5540 8.20164
5550 7.96515
5560 7.73565
5570 7.51294
5580 7.29683
5590 7.08712
5600 6.88364
5610 6.68622
5620 6.49467
5630 6.30884
5640 6.12857
5650 5.95369
5660 5.78405
5670 5.61951
5680 5.45992
5690 5.30514
5700 5.15505
5710 5.0095
5720 4.86837
5730 4.73154
5740 4.59888
5750 4.47029
5760 4.34564
5770 4.22484
5780 4.10777
5790 3.99433
5800 3.88443
5810 3.77796
5820 3.67484
5830 3.57497
5840 3.47828
5850 3.38466
5860 3.29405
5870 3.20637
5880 3.12153
5890 3.03947
5900 2.96011
5910 2.88339
5920 2.80925
5930 2.73761
5940 2.66842
5950 2.60161
5960 2.53715
5970 2.47496
5980 2.415
5990 2.35721
6000 2.30156
6010 2.24799
6020 2.19647
6030 2.14695
6040 2.09939
6050 2.05376
6060 2.01003
6070 1.96815
6080 1.9281
6090 1.88985
6100 1.85338
6110 1.81866
6120 1.78566
6130 1.75438
6140 1.72478
6150 1.69686
6160 1.67059
6170 1.64597
6180 1.62299
6190 1.60164
6200 1.58192
6210 1.56382
6220 1.54733
6230 1.53247
6240 1.51924
6250 1.50763
6260 1.49767
6270 1.48936
6280 1.48271
6290 1.47775
6300 1.47449
6310 1.47295
6320 1.47316
6330 1.47514
6340 1.47893
6350 1.48456
6360 1.49207
6370 1.50149
6380 1.51288
6390 1.52628
6400 1.54175
6410 1.55933
6420 1.57909
6430 1.60109
6440 1.62541
6450 1.6521
6460 1.68126
6470 1.71297
6480 1.74731
6490 1.78437
6500 1.82426
6510 1.86707
6520 1.91293
6530 1.96194
6540 2.01424
6550 2.06995
6560 2.1292
6570 2.19215
6580 2.25894
6590 2.32974
6600 2.40472
6610 2.48404
6620 2.5679
6630 2.65649
6640 2.75002
6650 2.8487
6660 2.95275
6670 3.06241
6680 3.17792
6690 3.29954
6700 3.42754
6710 3.5622
6720 3.7038
6730 3.85265
6740 4.00907
6750 4.17338
6760 4.34593
6770 4.52707
6780 4.71716
6790 4.9166
6800 5.12576
6810 5.34506
6820 5.57493
6830 5.81579
6840 6.06808
6850 6.33228
6860 6.60885
6870 6.89828
6880 7.20106
6890 7.5177
6900 7.84872
6910 8.19463
6920 8.55598
6930 8.9333
6940 9.32715
6950 9.73806
6960 10.1666
6970 10.6133
6980 11.0787
6990 11.5635
7000 12.068
7010 12.5929
7020 13.1386
7030 13.7058
7040 14.2948
7050 14.9062
7060 15.5404
7070 16.1978
7080 16.8788
7090 17.5838
7100 18.3131
7110 19.067
7120 19.8457
7130 20.6494
7140 21.4783
7150 22.3324
7160 23.2118
7170 24.1164
7180 25.0461
7190 26.0008
7200 26.9802
7210 27.984
7220 29.0119
7230 30.0634
7240 31.138
7250 32.235
7260 33.3539
7270 34.4938
7280 35.654
7290 36.8335
7300 38.0314
7310 39.2467
7320 40.4783
7330 41.725
7340 42.9857
7350 44.259
7360 45.5437
7370 46.8384
7380 48.1417
7390 49.4523
7400 50.7686
7410 52.0891
7420 53.4123
7430 54.7368
7440 56.061
7450 57.3833
7460 58.7021
7470 60.016
7480 61.3233
7490 62.6226
7500 63.9121
7510 65.1906
7520 66.4563
7530 67.7077
7540 68.9435
7550 70.162
7560 71.3618
7570 72.5414
7580 73.6994
7590 74.8343
7600 75.9447
7610 77.0291
7620 78.0862
7630 79.1145
7640 80.1125
7650 81.0789
7660 82.0122
7670 82.911
7680 83.7739
7690 84.5993
7700 85.3859
7710 86.1322
7720 86.8366
7730 87.4977
7740 88.1139
7750 88.6838
7760 89.2058
7770 89.6783
7780 90.1
7790 90.4692
7800 90.7845
7810 91.0444
7820 91.2476
7830 91.3927
7840 91.4784
7850 91.5037
7860 91.4673
7870 91.3685
7880 91.2064
7890 90.9805
7900 90.6904
7910 90.3358
7920 89.9169
7930 89.434
7940 88.8875
7950 88.2783
7960 87.6075
7970 86.8765
7980 86.0869
7990 85.2406
8000 84.3398
8010 83.3869
8020 82.3845
8030 81.3354
8040 80.2426
8050 79.1092
8060 77.9386
8070 76.734
8080 75.4988
8090 74.2365
8100 72.9504
8110 71.6439
8120 70.3204
8130 68.9831
8140 67.6351
8150 66.2794
8160 64.9191
8170 63.5567
8180 62.1949
8190 60.8362
8200 59.4828
8210 58.1369
8220 56.8004
8230 55.475
8240 54.1625
8250 52.8643
8260 51.5818
8270 50.316
8280 49.0682
8290 47.8391
8300 46.6296
8310 45.4404
8320 44.2721
8330 43.1251
8340 41.9998
8350 40.8965
8360 39.8155
8370 38.7569
8380 37.7208
8390 36.7071
8400 35.716
8410 34.7472
8420 33.8008
8430 32.8765
8440 31.9741
8450 31.0934
8460 30.2342
8470 29.3962
8480 28.5791
8490 27.7825
8500 27.0063
8510 26.2499
8520 25.5131
8530 24.7955
8540 24.0968
8550 23.4165
8560 22.7543
8570 22.1098
8580 21.4827
8590 20.8726
8600 20.279
8610 19.7016
8620 19.1401
8630 18.594
8640 18.063
8650 17.5467
8660 17.0448
8670 16.5569
8680 16.0827
8690 15.6217
8700 15.1738
8710 14.7385
8720 14.3156
8730 13.9046
8740 13.5053
8750 13.1174
8760 12.7406
8770 12.3745
8780 12.019
8790 11.6736
8800 11.3382
8810 11.0125
8820 10.6961
8830 10.3889
8840 10.0906
8850 9.80098
8860 9.51975
8870 9.24669
8880 8.98159
8890 8.72422
8900 8.47437
8910 8.23184
8920 7.99641
8930 7.76788
8940 7.54608
8950 7.3308
8960 7.12188
8970 6.91912
8980 6.72235
8990 6.53142
9000 6.34615
9010 6.1664
9020 5.99199
9030 5.82279
9040 5.65866
9050 5.49944
9060 5.345
9070 5.19522
9080 5.04995
9090 4.90909
9100 4.77249
9110 4.64006
9120 4.51166
9130 4.3872
9140 4.26657
9150 4.14966
9160 4.03636
9170 3.92659
9180 3.82025
9190 3.71725
9200 3.61749
9210 3.5209
9220 3.42739
9230 3.33688
9240 3.24929
9250 3.16455
9260 3.08258
9270 3.00332
9280 2.9267
9290 2.85266
9300 2.78112
9310 2.71204
9320 2.64536
9330 2.58101
9340 2.51895
9350 2.45913
9360 2.40149
9370 2.346
9380 2.2926
9390 2.24125
9400 2.19192
9410 2.14457
9420 2.09916
9430 2.05565
9440 2.01402
9450 1.97423
9460 1.93626
9470 1.90008
9480 1.86567
9490 1.83301
9500 1.80207
9510 1.77284
9520 1.74531
9530 1.71946
9540 1.69528
9550 1.67276
9560 1.65189
9570 1.63268
9580 1.61511
9590 1.59919
9600 1.58491
9610 1.5723
9620 1.56134
9630 1.55206
9640 1.54446
9650 1.53855
9660 1.53437
9670 1.53192
9680 1.53122
9690 1.53232
9700 1.53522
9710 1.53997
9720 1.54661
9730 1.55516
9740 1.56568
9750 1.5782
9760 1.59278
9770 1.60947
9780 1.62833
9790 1.64941
9800 1.67279
9810 1.69854
9820 1.72672
9830 1.75742
9840 1.79072
9850 1.82672
9860 1.8655
9870 1.90717
9880 1.95183
9890 1.9996
9900 2.0506
9910 2.10494
9920 2.16277
9930 2.22421
9940 2.28943
9950 2.35856
9960 2.43178
9970 2.50925
9980 2.59116
9990 2.67768
10000 2.76901
10010 2.86537
10020 2.96696
10030 3.07401
10040 3.18676
10050 3.30545
10060 3.43034
10070 3.56169
10080 3.69979
10090 3.84493
10100 3.99741
10110 4.15754
10120 4.32565
10130 4.50209
10140 4.6872
10150 4.88135
10160 5.08492
10170 5.2983
10180 5.5219
10190 5.75612
10200 6.00141
10210 6.25819
10220 6.52694
10230 6.8081
10240 7.10217
10250 7.40961
10260 7.73095
10270 8.06667
10280 8.41729
10290 8.78334
10300 9.16534
10310 9.56383
10320 9.97934
10330 10.4124
10340 10.8636
10350 11.3333
10360 11.8223
10370 12.3309
10380 12.8597
10390 13.4092
10400 13.9799
10410 14.5722
10420 15.1866
10430 15.8235
10440 16.4834
10450 17.1665
10460 17.8732
10470 18.6038
10480 19.3586
10490 20.1378
10500 20.9415
10510 21.7698
10520 22.6228
10530 23.5005
10540 24.4029
10550 25.3297
10560 26.2809
10570 27.2561
10580 28.255
10590 29.2773
10600 30.3225
10610 31.3899
10620 32.4791
10630 33.5893
10640 34.7198
10650 35.8697
10660 37.0382
10670 38.2243
10680 39.427
10690 40.6451
10700 41.8776
10710 43.1233
10720 44.3808
10730 45.6489
10740 46.9264
10750 48.2116
10760 49.5034
10770 50.8002
10780 52.1006
10790 53.403
10800 54.706
10810 56.0081
10820 57.3077
10830 58.6033
10840 59.8933
10850 61.1762
10860 62.4505
10870 63.7147
10880 64.9672
10890 66.2065
10900 67.4311
10910 68.6395
10920 69.8302
10930 71.0018
10940 72.1529
10950 73.2818
10960 74.3873
10970 75.4678
10980 76.5219
10990 77.5483
11000 78.5454
11010 79.5119
11020 80.4463
11030 81.3472
11040 82.2132
11050 83.0428
11060 83.8345
11070 84.587
11080 85.2987
11090 85.9682
11100 86.5939
11110 87.1745
11120 87.7083
11130 88.1939
11140 88.6298
11150 89.0146
11160 89.3468
11170 89.625
11180 89.8478
11190 90.0139
11200 90.1221
11210 90.1713
11220 90.1604
11230 90.0885
11240 89.9548
11250 89.7588
11260 89.4999
11270 89.1781
11280 88.7932
11290 88.3456
11300 87.8356
11310 87.2639
11320 86.6317
11330 85.94
11340 85.1904
11350 84.3847
11360 83.5248
11370 82.613
11380 81.6518
11390 80.6437
11400 79.5917
11410 78.4987
11420 77.3678
11430 76.2023
11440 75.0052
11450 73.7801
11460 72.5301
11470 71.2585
11480 69.9686
11490 68.6636
11500 67.3465
11510 66.0203
11520 64.688
11530 63.3523
11540 62.0157
11550 60.6807
11560 59.3497
11570 58.0247
11580 56.7077
11590 55.4006
11600 54.1051
11610 52.8227
11620 51.5547
11630 50.3024
11640 49.067
11650 47.8493
11660 46.6502
11670 45.4705
11680 44.3108
11690 43.1717
11700 42.0535
11710 40.9566
11720 39.8813
11730 38.8278
11740 37.7962
11750 36.7865
11760 35.7989
11770 34.8332
11780 33.8894
11790 32.9673
11800 32.0668
11810 31.1877
11820 30.3297
11830 29.4927
11840 28.6763
11850 27.8802
11860 27.1042
11870 26.348
11880 25.6111
11890 24.8932
11900 24.1941
11910 23.5133
11920 22.8505
11930 22.2053
11940 21.5773
11950 20.9662
11960 20.3717
11970 19.7932
11980 19.2306
11990 18.6833
12000 18.1511
12010 17.6336
12020 17.1304
12030 16.6412
12040 16.1656
12050 15.7034
12060 15.2541
12070 14.8175
12080 14.3931
12090 13.9808
12100 13.5801
12110 13.1909
12120 12.8127
12130 12.4453
12140 12.0884
12150 11.7417
12160 11.4049
12170 11.0779
12180 10.7602
12190 10.4518
12200 10.1522
12210 9.8613
12220 9.57883
12230 9.30456
12240 9.03826
12250 8.77971
12260 8.52871
12270 8.28503
12280 8.04849
12290 7.81887
12300 7.59599
12310 7.37965
12320 7.16969
12330 6.96591
12340 6.76815
12350 6.57624
12360 6.39002
12370 6.20933
12380 6.03401
12390 5.86392
12400 5.6989
12410 5.53883
12420 5.38355
12430 5.23295
12440 5.08688
12450 4.94523
12460 4.80787
12470 4.67469
12480 4.54557
12490 4.4204
12500 4.29907
12510 4.18147
12520 4.06752
12530 3.9571
12540 3.85013
12550 3.74651
12560 3.64616
12570 3.54898
12580 3.4549
12590 3.36384
12600 3.27571
12610 3.19044
12620 3.10796
12630 3.0282
12640 2.9511
12650 2.87658
12660 2.80459
12670 2.73506
12680 2.66794
12690 2.60317
12700 2.54069
12710 2.48047
12720 2.42244
12730 2.36657
12740 2.3128
12750 2.2611
12760 2.21142
12770 2.16372
12780 2.11798
12790 2.07416
12800 2.03221
12810 1.99212
12820 1.95386
12830 1.9174
12840 1.88271
12850 1.84978
12860 1.81858
12870 1.7891
12880 1.76133
12890 1.73524
12900 1.71082
12910 1.68808
12920 1.66699
12930 1.64756
12940 1.62979
12950 1.61366
12960 1.5992
12970 1.58639
12980 1.57525
12990 1.56578
13000 1.558
13010 1.55193
13020 1.54757
13030 1.54495
13040 1.54409
13050 1.54503
13060 1.54777
13070 1.55237
13080 1.55884
13090 1.56724
13100 1.5776
13110 1.58997
13120 1.6044
13130 1.62093
13140 1.63964
13150 1.66056
13160 1.68378
13170 1.70936
13180 1.73738
13190 1.76791
13200 1.80104
13210 1.83685
13220 1.87545
13230 1.91692
13240 1.96139
13250 2.00895
13260 2.05972
13270 2.11383
13280 2.17142
13290 2.23261
13300 2.29756
13310 2.36641
13320 2.43933
13330 2.51648
13340 2.59805
13350 2.68422
13360 2.77517
13370 2.87113
13380 2.97229
13390 3.07889
13400 3.19116
13410 3.30933
13420 3.43367
13430 3.56445
13440 3.70193
13450 3.8464
13460 3.99818
13470 4.15756
13480 4.32489
13490 4.50048
13500 4.68469
13510 4.87789
13520 5.08045
13530 5.29275
13540 5.51521
13550 5.74822
13560 5.99222
13570 6.24765
13580 6.51496
13590 6.7946
13600 7.08705
13610 7.39279
13620 7.71233
13630 8.04615
13640 8.39477
13650 8.75872
13660 9.1385
13670 9.53465
13680 9.94771
13690 10.3782
13700 10.8267
13710 11.2936
13720 11.7796
13730 12.2851
13740 12.8107
13750 13.3568
13760 13.9239
13770 14.5126
13780 15.1232
13790 15.7562
13800 16.4119
13810 17.0908
13820 17.7931
13830 18.5192
13840 19.2694
13850 20.0437
13860 20.8425
13870 21.6657
13880 22.5135
13890 23.3859
13900 24.2828
13910 25.2041
13920 26.1497
13930 27.1191
13940 28.1123
13950 29.1287
13960 30.1679
13970 31.2294
13980 32.3125
13990 33.4167
14000 34.5411
14010 35.6849
14020 36.8474
14030 38.0274
14040 39.2241
14050 40.4362
14060 41.6628
14070 42.9026
14080 44.1544
14090 45.4169
14100 46.6887
14110 47.9686
14120 49.2551
14130 50.5467
14140 51.842
14150 53.1396
14160 54.4379
14170 55.7354
14180 57.0306
14190 58.322
14200 59.608
14210 60.8871
14220 62.1578
14230 63.4185
14240 64.6677
14250 65.9039
14260 67.1257
14270 68.3314
14280 69.5197
14290 70.6891
14300 71.838
14310 72.9651
14320 74.0689
14330 75.1479
14340 76.2008
14350 77.226
14360 78.2223
14370 79.188
14380 80.1219
14390 81.0225
14400 81.8884
14410 82.7181
14420 83.5101
14430 84.2631
14440 84.9755
14450 85.6458
14460 86.2727
14470 86.8546
14480 87.3899
14490 87.8774
14500 88.3153
14510 88.7024
14520 89.0372
14530 89.3182
14540 89.5441
14550 89.7136
14560 89.8255
14570 89.8786
14580 89.872
14590 89.8047
14600 89.6759
14610 89.4851
14620 89.2318
14630 88.9157
14640 88.537
14650 88.0957
14660 87.5924
14670 87.0276
14680 86.4025
14690 85.7182
14700 84.9762
14710 84.1781
14720 83.3261
14730 82.4223
14740 81.469
14750 80.4691
14760 79.4251
14770 78.3402
14780 77.2173
14790 76.0596
14800 74.8703
14810 73.6528
14820 72.4102
14830 71.1459
14840 69.8631
14850 68.565
14860 67.2545
14870 65.9348
14880 64.6086
14890 63.2787
14900 61.9477
14910 60.6181
14920 59.2921
14930 57.9719
14940 56.6595
14950 55.3567
14960 54.0653
14970 52.7866
14980 51.5222
14990 50.2733
15000 49.041
15010 47.8262
15020 46.6299
15030 45.4528
15040 44.2954
15050 43.1585
15060 42.0423
15070 40.9473
15080 39.8738
15090 38.8219
15100 37.7918
15110 36.7835
15120 35.7971
15130 34.8326
15140 33.8898
15150 32.9687
15160 32.0691
15170 31.1908
15180 30.3335
15190 29.4971
15200 28.6813
15210 27.8858
15220 27.1103
15230 26.3545
15240 25.618
15250 24.9005
15260 24.2016
15270 23.5211
15280 22.8585
15290 22.2135
15300 21.5857
15310 20.9748
15320 20.3803
15330 19.802
15340 19.2394
15350 18.6922
15360 18.16
15370 17.6425
15380 17.1393
15390 16.6501
15400 16.1746
15410 15.7123
15420 15.263
15430 14.8263
15440 14.4019
15450 13.9895
15460 13.5888
15470 13.1994
15480 12.8212
15490 12.4537
15500 12.0967
15510 11.7499
15520 11.4131
15530 11.0859
15540 10.7682
15550 10.4596
15560 10.1599
15570 9.86893
15580 9.58636
15590 9.31198
15600 9.04558
15610 8.78693
15620 8.53582
15630 8.29204
15640 8.05539
15650 7.82566
15660 7.60268
15670 7.38624
15680 7.17617
15690 6.97229
15700 6.77443
15710 6.58243
15720 6.3961
15730 6.21531
15740 6.0399
15750 5.86971
15760 5.7046
15770 5.54443
15780 5.38907
15790 5.23837
15800 5.09222
15810 4.95048
15820 4.81304
15830 4.67978
15840 4.55057
15850 4.42532
15860 4.30391
15870 4.18624
15880 4.07221
15890 3.96173
15900 3.85468
15910 3.751
15920 3.65057
15930 3.55333
15940 3.45918
15950 3.36805
15960 3.27986
15970 3.19453
15980 3.112
15990 3.03218
16000 2.95502
16010 2.88045
16020 2.8084
16030 2.73882
16040 2.67165
16050 2.60684
16060 2.54432
16070 2.48405
16080 2.42598
16090 2.37006
16100 2.31625
16110 2.26451
16120 2.2148
16130 2.16707
16140 2.12129
16150 2.07743
16160 2.03546
16170 1.99534
16180 1.95705
16190 1.92056
16200 1.88584
16210 1.85289
16220 1.82167
16230 1.79217
16240 1.76437
16250 1.73826
16260 1.71383
16270 1.69106
16280 1.66996
16290 1.65052
16300 1.63273
16310 1.6166
16320 1.60212
16330 1.5893
16340 1.57815
16350 1.56868
16360 1.5609
16370 1.55482
16380 1.55045
16390 1.54783
16400 1.54698
16410 1.54791
16420 1.55066
16430 1.55525
16440 1.56173
16450 1.57014
16460 1.5805
16470 1.59288
16480 1.60731
16490 1.62386
16500 1.64257
16510 1.66351
16520 1.68674
16530 1.71233
16540 1.74036
16550 1.7709
16560 1.80404
16570 1.83987
16580 1.87848
16590 1.91998
16600 1.96445
16610 2.01203
16620 2.06282
16630 2.11695
16640 2.17455
16650 2.23576
16660 2.30073
16670 2.3696
16680 2.44253
16690 2.5197
16700 2.60129
16710 2.68747
16720 2.77844
16730 2.87441
16740 2.97559
16750 3.08219
16760 3.19447
16770 3.31265
16780 3.437
16790 3.56777
16800 3.70525
16810 3.84973
16820 4.0015
16830 4.16087
16840 4.32818
16850 4.50376
16860 4.68795
16870 4.88112
16880 5.08364
16890 5.29591
16900 5.51832
16910 5.75128
16920 5.99522
16930 6.25058
16940 6.51781
16950 6.79737
16960 7.08972
16970 7.39536
16980 7.71478
16990 8.04847
17000 8.39696
17010 8.76074
17020 9.14036
17030 9.53633
17040 9.94918
17050 10.3795
17060 10.8277
17070 11.2944
17080 11.7801
17090 12.2853
17100 12.8106
17110 13.3564
17120 13.9232
17130 14.5114
17140 15.1216
17150 15.7542
17160 16.4095
17170 17.0879
17180 17.7897
17190 18.5153
17200 19.2649
17210 20.0387
17220 20.8368
17230 21.6594
17240 22.5066
17250 23.3783
17260 24.2745
17270 25.195
17280 26.1398
17290 27.1085
17300 28.1008
17310 29.1163
17320 30.1547
17330 31.2152
17340 32.2975
17350 33.4007
17360 34.5242
17370 35.667
17380 36.8285
17390 38.0075
17400 39.2032
17410 40.4143
17420 41.6399
17430 42.8786
17440 44.1293
17450 45.3908
17460 46.6615
17470 47.9403
17480 49.2257
17490 50.5163
17500 51.8105
17510 53.107
17520 54.4043
17530 55.7007
17540 56.9949
17550 58.2852
17560 59.5702
17570 60.8483
17580 62.118
17590 63.3777
17600 64.626
17610 65.8612
17620 67.082
17630 68.2869
17640 69.4742
17650 70.6427
17660 71.7907
17670 72.9169
17680 74.0198
17690 75.098
17700 76.15
17710 77.1745
17720 78.1699
17730 79.1349
17740 80.068
17750 80.9679
17760 81.833
17770 82.6619
17780 83.4532
17790 84.2055
17800 84.9172
17810 85.5869
17820 86.2131
17830 86.7944
17840 87.3292
17850 87.816
17860 88.2534
17870 88.64
17880 88.9742
17890 89.2547
17900 89.4802
17910 89.6493
17920 89.7609
17930 89.8137
17940 89.8068
17950 89.7393
17960 89.6104
17970 89.4194
17980 89.1661
17990 88.8501
18000 88.4714
18010 88.0303
18020 87.5272
18030 86.9628
18040 86.3381
18050 85.6542
18060 84.9127
18070 84.1153
18080 83.2639
18090 82.3608
18100 81.4084
18110 80.4093
18120 79.3663
18130 78.2824
18140 77.1605
18150 76.0039
18160 74.8158
18170 73.5994
18180 72.3581
18190 71.095
18200 69.8134
18210 68.5165
18220 67.2073
18230 65.8888
18240 64.5639
18250 63.2353
18260 61.9056
18270 60.5772
18280 59.2524
18290 57.9335
18300 56.6223
18310 55.3207
18320 54.0303
18330 52.7529
18340 51.4896
18350 50.2417
18360 49.0104
18370 47.7967
18380 46.6014
18390 45.4252
18400 44.2688
18410 43.1328
18420 42.0175
18430 40.9233
18440 39.8506
18450 38.7995
18460 37.7702
18470 36.7627
18480 35.777
18490 34.8132
18500 33.8711
18510 32.9506
18520 32.0516
18530 31.1739
18540 30.3173
18550 29.4815
18560 28.6662
18570 27.8712
18580 27.0962
18590 26.3408
18600 25.6048
18610 24.8878
18620 24.1894
18630 23.5093
18640 22.8471
18650 22.2025
18660 21.5751
18670 20.9645
18680 20.3704
18690 19.7924
18700 19.2302
18710 18.6833
18720 18.1514
18730 17.6342
18740 17.1313
18750 16.6424
18760 16.1671
18770 15.7051
18780 15.256
18790 14.8196
18800 14.3954
18810 13.9832
18820 13.5827
18830 13.1936
18840 12.8155
18850 12.4482
18860 12.0914
18870 11.7449
18880 11.4082
18890 11.0812
18900 10.7636
18910 10.4552
18920 10.1557
18930 9.86486
18940 9.58243
18950 9.30819
18960 9.04192
18970 8.7834
18980 8.53242
18990 8.28876
19000 8.05223
19010 7.82262
19020 7.59974
19030 7.38341
19040 7.17345
19050 6.96967
19060 6.77191
19070 6.57999
19080 6.39376
19090 6.21306
19100 6.03773
19110 5.86762
19120 5.7026
19130 5.54251
19140 5.38722
19150 5.23659
19160 5.09051
19170 4.94884
19180 4.81147
19190 4.67827
19200 4.54913
19210 4.42394
19220 4.30259
19230 4.18498
19240 4.071
19250 3.96057
19260 3.85358
19270 3.74994
19280 3.64957
19290 3.55237
19300 3.45827
19310 3.36719
19320 3.27904
19330 3.19376
19340 3.11127
19350 3.03149
19360 2.95437
19370 2.87984
19380 2.80783
19390 2.73829
19400 2.67116
19410 2.60637
19420 2.54389
19430 2.48366
19440 2.42562
19450 2.36974
19460 2.31596
19470 2.26425
19480 2.21457
19490 2.16687
19500 2.12113
19510 2.0773
19520 2.03536
19530 1.99527
19540 1.95701
19550 1.92055
19560 1.88586
19570 1.85294
19580 1.82175
19590 1.79227
19600 1.76451
19610 1.73843
19620 1.71402
19630 1.69129
19640 1.67022
19650 1.65081
19660 1.63305
19670 1.61695
19680 1.6025
19690 1.58971
19700 1.5786
19710 1.56916
19720 1.56141
19730 1.55536
19740 1.55103
19750 1.54845
19760 1.54762
19770 1.54859
19780 1.55138
19790 1.55601
19800 1.56253
19810 1.57098
19820 1.58138
19830 1.5938
19840 1.60828
19850 1.62487
19860 1.64363
19870 1.66461
19880 1.68789
19890 1.71354
19900 1.74162
19910 1.77222
19920 1.80542
19930 1.8413
19940 1.87997
19950 1.92153
19960 1.96607
19970 2.01371
19980 2.06458
19990 2.11878
20000 2.17646
20010 2.23775
20020 2.30279
20030 2.37174
20040 2.44477
20050 2.52203
20060 2.60371
20070 2.68999
20080 2.78106
20090 2.87714
20100 2.97842
20110 3.08515
20120 3.19754
20130 3.31584
20140 3.44032
20150 3.57123
20160 3.70885
20170 3.85347
20180 4.00538
20190 4.16492
20200 4.33238
20210 4.50812
20220 4.69249
20230 4.88584
20240 5.08855
20250 5.30101
20260 5.52361
20270 5.75678
20280 6.00094
20290 6.25652
20300 6.52397
20310 6.80376
20320 7.09636
20330 7.40225
20340 7.72192
20350 8.05588
20360 8.40464
20370 8.7687
20380 9.1486
20390 9.54487
20400 9.95802
20410 10.3886
20420 10.8371
20430 11.3042
20440 11.7902
20450 12.2958
20460 12.8214
20470 13.3675
20480 13.9346
20490 14.5233
20500 15.1338
20510 15.7668
20520 16.4224
20530 17.1012
20540 17.8034
20550 18.5293
20560 19.2793
20570 20.0534
20580 20.8519
20590 21.6749
20600 22.5224
20610 23.3944
20620 24.2909
20630 25.2118
20640 26.1569
20650 27.1259
20660 28.1185
20670 29.1343
20680 30.1729
20690 31.2337
20700 32.3162
20710 33.4196
20720 34.5432
20730 35.6863
20740 36.8479
20750 38.027
20760 39.2228
20770 40.434
20780 41.6596
20790 42.8983
20800 44.1491
20810 45.4105
20820 46.6812
20830 47.9599
20840 49.2451
20850 50.5355
20860 51.8296
20870 53.1259
20880 54.4229
20890 55.7191
20900 57.013
20910 58.303
20920 59.5876
20930 60.8653
20940 62.1346
20950 63.3939
20960 64.6417
20970 65.8765
20980 67.0967
20990 68.301
21000 69.4878
21010 70.6556
21020 71.803
21030 72.9286
21040 74.0308
21050 75.1083
21060 76.1596
21070 77.1833
21080 78.1779
21090 79.1421
21100 80.0744
21110 80.9734
21120 81.8376
21130 82.6657
21140 83.4561
21150 84.2073
21160 84.9181
21170 85.5868
21180 86.2119
21190 86.7921
21200 87.3258
21210 87.8115
21220 88.2478
21230 88.6332
21240 88.9663
21250 89.2456
21260 89.4698
21270 89.6377
21280 89.748
21290 89.7996
21300 89.7914
21310 89.7226
21320 89.5924
21330 89.4002
21340 89.1456
21350 88.8283
21360 88.4484
21370 88.0061
21380 87.5018
21390 86.9362
21400 86.3104
21410 85.6254
21420 84.8829
21430 84.0845
21440 83.2323
21450 82.3283
21460 81.3751
21470 80.3753
21480 79.3317
21490 78.2471
21500 77.1248
21510 75.9677
21520 74.7793
21530 73.5626
21540 72.3211
21550 71.0579
21560 69.7762
21570 68.4793
21580 67.1702
21590 65.8519
21600 64.5271
21610 63.1987
21620 61.8693
21630 60.5412
21640 59.2169
21650 57.8983
21660 56.5875
21670 55.2864
21680 53.9966
21690 52.7196
21700 51.4569
21710 50.2096
21720 48.9789
21730 47.7658
21740 46.571
21750 45.3955
21760 44.2397
21770 43.1043
21780 41.9896
21790 40.8961
21800 39.824
21810 38.7735
21820 37.7448
21830 36.7379
21840 35.7528
21850 34.7896
21860 33.8481
21870 32.9282
21880 32.0298
21890 31.1526
21900 30.2965
21910 29.4613
21920 28.6466
21930 27.8521
21940 27.0776
21950 26.3227
21960 25.5872
21970 24.8707
21980 24.1727
21990 23.4931
22000 22.8314
22010 22.1872
22020 21.5602
22030 20.9501
22040 20.3564
22050 19.7788
22060 19.2169
22070 18.6704
22080 18.1389
22090 17.6221
22100 17.1195
22110 16.631
22120 16.156
22130 15.6943
22140 15.2455
22150 14.8094
22160 14.3855
22170 13.9736
22180 13.5734
22190 13.1846
22200 12.8068
22210 12.4397
22220 12.0832
22230 11.7368
22240 11.4004
22250 11.0737
22260 10.7563
22270 10.4481
22280 10.1488
22290 9.85816
22300 9.57593
22310 9.30189
22320 9.03581
22330 8.77747
22340 8.52667
22350 8.28318
22360 8.04682
22370 7.81737
22380 7.59465
22390 7.37848
22400 7.16866
22410 6.96503
22420 6.76741
22430 6.57563
22440 6.38954
22450 6.20896
22460 6.03376
22470 5.86377
22480 5.69887
22490 5.53889
22500 5.38371
22510 5.2332
22520 5.08723
22530 4.94566
22540 4.80839
22550 4.67528
22560 4.54624
22570 4.42114
22580 4.29988
22590 4.18235
22600 4.06847
22610 3.95811
22620 3.8512
22630 3.74765
22640 3.64735
22650 3.55023
22660 3.4562
22670 3.36519
22680 3.27711
22690 3.19189
22700 3.10946
22710 3.02975
22720 2.9527
22730 2.87822
22740 2.80628
22750 2.73679
22760 2.66971
22770 2.60499
22780 2.54256
22790 2.48238
22800 2.42439
22810 2.36856
22820 2.31484
22830 2.26317
22840 2.21354
22850 2.16589
22860 2.12019
22870 2.07641
22880 2.03451
22890 1.99446
22900 1.95624
22910 1.91983
22920 1.88519
22930 1.8523
22940 1.82115
22950 1.79172
22960 1.76399
22970 1.73795
22980 1.71359
22990 1.6909
23000 1.66987
23010 1.6505
23020 1.63278
23030 1.61672
23040 1.60231
23050 1.58957
23060 1.57849
23070 1.56909
23080 1.56138
23090 1.55538
23100 1.55109
23110 1.54855
23120 1.54777
23130 1.54878
23140 1.55162
23150 1.5563
23160 1.56286
23170 1.57136
23180 1.58181
23190 1.59428
23200 1.60881
23210 1.62545
23220 1.64426
23230 1.66531
23240 1.68865
23250 1.71435
23260 1.74249
23270 1.77316
23280 1.80642
23290 1.84238
23300 1.88112
23310 1.92275
23320 1.96737
23330 2.01509
23340 2.06603
23350 2.12032
23360 2.17809
23370 2.23947
23380 2.30461
23390 2.37366
23400 2.44679
23410 2.52416
23420 2.60595
23430 2.69234
23440 2.78354
23450 2.87974
23460 2.98116
23470 3.08802
23480 3.20056
23490 3.31901
23500 3.44364
23510 3.57471
23520 3.7125
23530 3.8573
23540 4.0094
23550 4.16912
23560 4.33679
23570 4.51274
23580 4.69732
23590 4.8909
23600 5.09384
23610 5.30654
23620 5.52941
23630 5.76284
23640 6.00727
23650 6.26313
23660 6.53088
23670 6.81098
23680 7.1039
23690 7.41011
23700 7.73013
23710 8.06444
23720 8.41356
23730 8.778
23740 9.15829
23750 9.55496
23760 9.96853
23770 10.3995
23780 10.8485
23790 11.316
23800 11.8025
23810 12.3085
23820 12.8346
23830 13.3812
23840 13.9489
23850 14.538
23860 15.1491
23870 15.7826
23880 16.4388
23890 17.1181
23900 17.8209
23910 18.5474
23920 19.2979
23930 20.0726
23940 20.8716
23950 21.6952
23960 22.5433
23970 23.4159
23980 24.313
23990 25.2344
24000 26.18
24010 27.1496
24020 28.1427
24030 29.1591
24040 30.1982
24050 31.2595
24060 32.3424
24070 33.4463
24080 34.5704
24090 35.7139
24100 36.8759
24110 38.0554
24120 39.2515
24130 40.463
24140 41.6889
24150 42.9279
24160 44.1789
24170 45.4404
24180 46.7113
24190 47.9901
24200 49.2755
24210 50.566
24220 51.8601
24230 53.1563
24240 54.4533
24250 55.7494
24260 57.0431
24270 58.333
24280 59.6174
24290 60.8949
24300 62.1638
24310 63.4228
24320 64.6703
24330 65.9046
24340 67.1245
24350 68.3283
24360 69.5146
24370 70.6819
24380 71.8288
24390 72.9537
24400 74.0553
24410 75.1321
24420 76.1827
24430 77.2056
24440 78.1995
24450 79.1629
24460 80.0943
24470 80.9924
24480 81.8557
24490 82.6828
24500 83.4722
24510 84.2225
24520 84.9322
24530 85.5998
24540 86.2238
24550 86.8028
24560 87.3353
24570 87.8198
24580 88.2548
24590 88.6389
24600 88.9706
24610 89.2486
24620 89.4715
24630 89.6379
24640 89.7467
24650 89.7968
24660 89.7872
24670 89.7168
24680 89.5851
24690 89.3914
24700 89.1352
24710 88.8164
24720 88.4349
24730 87.9911
24740 87.4853
24750 86.9182
24760 86.2909
24770 85.6045
24780 84.8606
24790 84.0609
24800 83.2074
24810 82.3022
24820 81.3479
24830 80.347
24840 79.3024
24850 78.2169
24860 77.0937
24870 75.9359
24880 74.7468
24890 73.5295
24900 72.2875
24910 71.0238
24920 69.7419
24930 68.4447
24940 67.1353
24950 65.8169
24960 64.4921
24970 63.1637
24980 61.8343
24990 60.5064
25000 59.1822
25010 57.8639
25020 56.5534
25030 55.2526
25040 53.9631
25050 52.6865
25060 51.4242
25070 50.1774
25080 48.9472
25090 47.7345
25100 46.5403
25110 45.3653
25120 44.2101
25130 43.0752
25140 41.9611
25150 40.8681
25160 39.7966
25170 38.7467
25180 37.7185
25190 36.7122
25200 35.7277
25210 34.7651
25220 33.8241
25230 32.9048
25240 32.007
25250 31.1304
25260 30.2748
25270 29.4401
25280 28.6259
25290 27.832
25300 27.058
25310 26.3037
25320 25.5686
25330 24.8525
25340 24.1551
25350 23.4759
25360 22.8147
25370 22.1709
25380 21.5444
25390 20.9347
25400 20.3414
25410 19.7642
25420 19.2027
25430 18.6566
25440 18.1255
25450 17.6091
25460 17.1069
25470 16.6187
25480 16.144
25490 15.6827
25500 15.2342
25510 14.7984
25520 14.3749
25530 13.9633
25540 13.5634
25550 13.1748
25560 12.7973
25570 12.4305
25580 12.0742
25590 11.7281
25600 11.392
25610 11.0655
25620 10.7484
25630 10.4404
25640 10.1413
25650 9.85088
25660 9.56886
25670 9.29503
25680 9.02915
25690 8.77101
25700 8.52039
25710 8.27709
25720 8.0409
25730 7.81163
25740 7.58908
25750 7.37307
25760 7.16342
25770 6.95994
25780 6.76247
25790 6.57084
25800 6.38489
25810 6.20445
25820 6.02939
25830 5.85953
25840 5.69475
25850 5.5349
25860 5.37985
25870 5.22945
25880 5.08359
25890 4.94213
25900 4.80497
25910 4.67197
25920 4.54302
25930 4.41803
25940 4.29686
25950 4.17943
25960 4.06564
25970 3.95537
25980 3.84855
25990 3.74507
26000 3.64486
26010 3.54782
26020 3.45387
26030 3.36293
26040 3.27493
26050 3.18978
26060 3.10742
26070 3.02778
26080 2.95079
26090 2.87638
26100 2.8045
26110 2.73508
26120 2.66806
26130 2.60339
26140 2.54102
26150 2.4809
26160 2.42297
26170 2.36719
26180 2.31352
26190 2.26191
26200 2.21233
26210 2.16473
26220 2.11908
26230 2.07534
26240 2.03349
26250 1.99349
26260 1.95532
26270 1.91895
26280 1.88435
26290 1.85151
26300 1.82041
26310 1.79102
26320 1.76334
26330 1.73734
26340 1.71302
26350 1.69037
26360 1.66939
26370 1.65006
26380 1.63238
26390 1.61636
26400 1.602
26410 1.58929
26420 1.57826
26430 1.5689
26440 1.56124
26450 1.55528
26460 1.55104
26470 1.54854
26480 1.54781
26490 1.54887
26500 1.55175
26510 1.55648
26520 1.56309
26530 1.57163
26540 1.58214
26550 1.59466
26560 1.60925
26570 1.62594
26580 1.64481
26590 1.66591
26600 1.68931
26610 1.71508
26620 1.74328
26630 1.77401
26640 1.80735
26650 1.84337
26660 1.88219
26670 1.92389
26680 1.96859
26690 2.01639
26700 2.06742
26710 2.1218
26720 2.17966
26730 2.24113
26740 2.30637
26750 2.37553
26760 2.44876
26770 2.52624
26780 2.60815
26790 2.69467
26800 2.78599
26810 2.88232
26820 2.98388
26830 3.09088
26840 3.20357
26850 3.32218
26860 3.44697
26870 3.57821
26880 3.71618
26890 3.86116
26900 4.01345
26910 4.17338
26920 4.34125
26930 4.51742
26940 4.70223
26950 4.89604
26960 5.09923
26970 5.31219
26980 5.53531
26990 5.76902
27000 6.01374
27010 6.2699
27020 6.53797
27030 6.81839
27040 7.11164
27050 7.4182
27060 7.73858
27070 8.07326
27080 8.42277
27090 8.78761
27100 9.16831
27110 9.56541
27120 9.97942
27130 10.4109
27140 10.8603
27150 11.3283
27160 11.8153
27170 12.3218
27180 12.8484
27190 13.3956
27200 13.9638
27210 14.5535
27220 15.1651
27230 15.7992
27240 16.456
27250 17.1359
27260 17.8392
27270 18.5663
27280 19.3175
27290 20.0928
27300 20.8925
27310 21.7166
27320 22.5653
27330 23.4386
27340 24.3363
27350 25.2583
27360 26.2046
27370 27.1747
27380 28.1685
27390 29.1854
27400 30.2251
27410 31.2869
27420 32.3704
27430 33.4748
27440 34.5994
27450 35.7434
27460 36.9058
27470 38.0857
27480 39.2822
27490 40.4941
27500 41.7203
27510 42.9597
27520 44.2109
27530 45.4727
27540 46.7438
27550 48.0228
27560 49.3083
27570 50.5989
27580 51.893
27590 53.1893
27600 54.4863
27610 55.7823
27620 57.076
27630 58.3657
27640 59.6499
27650 60.9272
27660 62.1959
27670 63.4546
27680 64.7017
27690 65.9357
27700 67.1552
27710 68.3586
27720 69.5444
27730 70.7112
27740 71.8574
27750 72.9818
27760 74.0828
27770 75.1589
27780 76.2088
27790 77.231
27800 78.2241
27810 79.1866
27820 80.1173
27830 81.0145
27840 81.8769
27850 82.703
27860 83.4914
27870 84.2406
27880 84.9492
27890 85.6157
27900 86.2386
27910 86.8165
27920 87.3477
27930 87.831
27940 88.2647
27950 88.6474
27960 88.9778
27970 89.2543
27980 89.4757
27990 89.6407
28000 89.748
28010 89.7966
28020 89.7854
28030 89.7135
28040 89.5802
28050 89.3848
28060 89.127
28070 88.8066
28080 88.4236
28090 87.9781
28100 87.4707
28110 86.9021
28120 86.2732
28130 85.5854
28140 84.84
28150 84.0389
28160 83.184
28170 82.2776
28180 81.322
28190 80.32
28200 79.2743
28210 78.1878
28220 77.0637
28230 75.9051
28240 74.7152
28250 73.4973
28260 72.2546
28270 70.9905
28280 69.7081
28290 68.4106
28300 67.101
28310 65.7823
28320 64.4574
28330 63.129
28340 61.7996
28350 60.4718
28360 59.1477
28370 57.8296
28380 56.5193
28390 55.2188
28400 53.9297
28410 52.6535
28420 51.3916
28430 50.1452
28440 48.9154
28450 47.7032
28460 46.5095
28470 45.335
28480 44.1803
28490 43.0459
28500 41.9324
28510 40.84
28520 39.769
28530 38.7197
28540 37.6921
28550 36.6864
28560 35.7025
28570 34.7404
28580 33.8
28590 32.8812
28600 31.9839
28610 31.1079
28620 30.2529
28630 29.4187
28640 28.6051
28650 27.8116
28660 27.0382
28670 26.2843
28680 25.5498
28690 24.8342
28700 24.1373
28710 23.4585
28720 22.7977
28730 22.1545
28740 21.5284
28750 20.9191
28760 20.3262
28770 19.7495
28780 19.1884
28790 18.6427
28800 18.112
28810 17.5959
28820 17.0941
28830 16.6062
28840 16.1319
28850 15.6709
28860 15.2228
28870 14.7873
28880 14.3641
28890 13.9528
28900 13.5532
28910 13.1649
28920 12.7876
28930 12.4212
28940 12.0651
28950 11.7193
28960 11.3834
28970 11.0571
28980 10.7403
28990 10.4325
29000 10.1337
29010 9.84347
29020 9.56167
29030 9.28804
29040 9.02237
29050 8.76442
29060 8.514
29070 8.27089
29080 8.03488
29090 7.80579
29100 7.58341
29110 7.36757
29120 7.15807
29130 6.95476
29140 6.75744
29150 6.56596
29160 6.38015
29170 6.19986
29180 6.02493
29190 5.85521
29200 5.69055
29210 5.53083
29220 5.3759
29230 5.22562
29240 5.07987
29250 4.93853
29260 4.80147
29270 4.66858
29280 4.53974
29290 4.41484
29300 4.29378
29310 4.17644
29320 4.06274
29330 3.95257
29340 3.84583
29350 3.74244
29360 3.64231
29370 3.54535
29380 3.45148
29390 3.36062
29400 3.27269
29410 3.18762
29420 3.10533
29430 3.02576
29440 2.94884
29450 2.8745
29460 2.80268
29470 2.73332
29480 2.66636
29490 2.60175
29500 2.53944
29510 2.47938
29520 2.4215
29530 2.36578
29540 2.31216
29550 2.26061
29560 2.21107
29570 2.16352
29580 2.11792
29590 2.07424
29600 2.03244
29610 1.99249
29620 1.95436
29630 1.91804
29640 1.88349
29650 1.85069
29660 1.81963
29670 1.79029
29680 1.76265
29690 1.7367
29700 1.71242
29710 1.68981
29720 1.66887
29730 1.64958
29740 1.63195
29750 1.61597
29760 1.60165
29770 1.58899
29780 1.578
29790 1.56869
29800 1.56107
29810 1.55515
29820 1.55096
29830 1.54851
29840 1.54782
29850 1.54893
29860 1.55185
29870 1.55663
29880 1.5633
29890 1.57189
29900 1.58245
29910 1.59502
29920 1.60966
29930 1.62641
29940 1.64534
29950 1.6665
29960 1.68996
29970 1.71579
29980 1.74406
29990 1.77485
30000 1.80825
30010 1.84435
30020 1.88324
30030 1.92502
30040 1.9698
30050 2.01768
30060 2.0688
30070 2.12326
30080 2.18121
30090 2.24278
30100 2.30812
30110 2.37738
30120 2.45073
30130 2.52832
30140 2.61034
30150 2.69698
30160 2.78843
30170 2.8849
30180 2.98659
30190 3.09374
30200 3.20658
30210 3.32535
30220 3.45031
30230 3.58172
30240 3.71986
30250 3.86503
30260 4.01752
30270 4.17764
30280 4.34573
30290 4.52211
30300 4.70715
30310 4.9012
30320 5.10464
30330 5.31786
30340 5.54125
30350 5.77524
30360 6.02025
30370 6.27672
30380 6.5451
30390 6.82584
30400 7.11943
30410 7.42635
30420 7.74709
30430 8.08215
30440 8.43205
30450 8.7973
30460 9.17842
30470 9.57594
30480 9.9904
30490 10.4223
30500 10.8722
30510 11.3407
30520 11.8282
30530 12.3352
30540 12.8624
30550 13.4101
30560 13.9788
30570 14.5691
30580 15.1813
30590 15.8159
30600 16.4733
30610 17.1538
30620 17.8578
30630 18.5855
30640 19.3373
30650 20.1132
30660 20.9135
30670 21.7383
30680 22.5877
30690 23.4615
30700 24.3599
30710 25.2826
30720 26.2294
30730 27.2002
30740 28.1945
30750 29.2121
30760 30.2523
30770 31.3148
30780 32.3988
30790 33.5037
30800 34.6288
30810 35.7733
30820 36.9362
30830 38.1166
30840 39.3134
30850 40.5257
30860 41.7523
30870 42.992
30880 44.2435
30890 45.5056
30900 46.7769
30910 48.056
30920 49.3417
30930 50.6324
30940 51.9266
30950 53.2229
30960 54.5199
30970 55.8159
30980 57.1094
30990 58.399
31000 59.6831
31010 60.9602
31020 62.2286
31030 63.487
31040 64.7338
31050 65.9675
31060 67.1865
31070 68.3895
31080 69.5748
31090 70.7411
31100 71.8868
31110 73.0106
31120 74.1109
31130 75.1864
31140 76.2356
31150 77.257
31160 78.2493
31170 79.2111
31180 80.1408
31190 81.0372
31200 81.8986
31210 82.7238
31220 83.5112
31230 84.2594
31240 84.9669
31250 85.6323
31260 86.2541
31270 86.8307
31280 87.3607
31290 87.8427
31300 88.2751
31310 88.6565
31320 88.9855
31330 89.2606
31340 89.4806
31350 89.6441
31360 89.7499
31370 89.7969
31380 89.7841
31390 89.7106
31400 89.5757
31410 89.3787
31420 89.1193
31430 88.7973
31440 88.4126
31450 87.9655
31460 87.4565
31470 86.8864
31480 86.256
31490 85.5666
31500 84.8198
31510 84.0172
31520 83.161
31530 82.2532
31540 81.2964
31550 80.2932
31560 79.2464
31570 78.1589
31580 77.0339
31590 75.8744
31600 74.6838
31610 73.4652
31620 72.2219
31630 70.9573
31640 69.6744
31650 68.3766
31660 67.0667
31670 65.7479
31680 64.4228
31690 63.0944
31700 61.765
31710 60.4372
31720 59.1133
31730 57.7954
31740 56.4854
31750 55.1851
31760 53.8963
31770 52.6205
31780 51.3589
31790 50.1129
31800 48.8836
31810 47.6719
31820 46.4787
31830 45.3047
31840 44.1505
31850 43.0167
31860 41.9037
31870 40.8119
31880 39.7415
31890 38.6927
31900 37.6657
31910 36.6605
31920 35.6772
31930 34.7156
31940 33.7758
31950 32.8576
31960 31.9609
31970 31.0854
31980 30.2309
31990 29.3973
32000 28.5842
32010 27.7913
32020 27.0183
32030 26.265
32040 25.5309
32050 24.8159
32060 24.1194
32070 23.4411
32080 22.7808
32090 22.138
32100 21.5123
32110 20.9035
32120 20.311
32130 19.7347
32140 19.174
32150 18.6287
32160 18.0983
32170 17.5826
32180 17.0812
32190 16.5937
32200 16.1198
32210 15.6591
32220 15.2113
32230 14.7761
32240 14.3532
32250 13.9422
32260 13.5429
32270 13.1549
32280 12.778
32290 12.4118
32300 12.056
32310 11.7105
32320 11.3748
32330 11.0488
32340 10.7322
32350 10.4246
32360 10.126
32370 9.83604
32380 9.55445
32390 9.28103
32400 9.01556
32410 8.75782
32420 8.50759
32430 8.26466
32440 8.02884
32450 7.79992
32460 7.57772
32470 7.36204
32480 7.15271
32490 6.94955
32500 6.75239
32510 6.56106
32520 6.37539
32530 6.19524
32540 6.02045
32550 5.85086
32560 5.68634
32570 5.52674
32580 5.37193
32590 5.22178
32600 5.07615
32610 4.93492
32620 4.79797
32630 4.66518
32640 4.53645
32650 4.41165
32660 4.29068
32670 4.17344
32680 4.05983
32690 3.94975
32700 3.8431
32710 3.7398
32720 3.63975
32730 3.54287
32740 3.44908
32750 3.3583
32760 3.27045
32770 3.18545
32780 3.10323
32790 3.02373
32800 2.94687
32810 2.8726
32820 2.80084
32830 2.73155
32840 2.66465
32850 2.60011
32860 2.53785
32870 2.47784
32880 2.42003
32890 2.36436
32900 2.3108
32910 2.25929
32920 2.20981
32930 2.16232
32940 2.11677
32950 2.07313
32960 2.03137
32970 1.99147
32980 1.9534
32990 1.91712
33000 1.88261
33010 1.84986
33020 1.81885
33030 1.78955
33040 1.76195
33050 1.73604
33060 1.71181
33070 1.68925
33080 1.66835
33090 1.64911
33100 1.63152
33110 1.61558
33120 1.6013
33130 1.58869
33140 1.57774
33150 1.56847
33160 1.5609
33170 1.55502
33180 1.55087
33190 1.54847
33200 1.54783
33210 1.54898
33220 1.55195
33230 1.55678
33240 1.5635
33250 1.57214
33260 1.58275
33270 1.59538
33280 1.61007
33290 1.62688
33300 1.64586
33310 1.66708
33320 1.6906
33330 1.71649
33340 1.74483
33350 1.77569
33360 1.80916
33370 1.84533
33380 1.88429
33390 1.92615
33400 1.97101
33410 2.01897
33420 2.07017
33430 2.12473
33440 2.18277
33450 2.24444
33460 2.30988
33470 2.37924
33480 2.45269
33490 2.5304
33500 2.61254
33510 2.6993
33520 2.79088
33530 2.88748
33540 2.98931
33550 3.09661
33560 3.2096
33570 3.32852
33580 3.45364
33590 3.58523
33600 3.72355
33610 3.8689
33620 4.02159
33630 4.18191
33640 4.35021
33650 4.52682
33660 4.71209
33670 4.90638
33680 5.11006
33690 5.32354
33700 5.54721
33710 5.78148
33720 6.02678
33730 6.28355
33740 6.55224
33750 6.83332
33760 7.12725
33770 7.43452
33780 7.75563
33790 8.09107
33800 8.44136
33810 8.80701
33820 9.18855
33830 9.58651
33840 10.0014
33850 10.4338
33860 10.8842
33870 11.3531
33880 11.8411
33890 12.3487
33900 12.8763
33910 13.4246
33920 13.9939
33930 14.5847
33940 15.1975
33950 15.8327
33960 16.4907
33970 17.1718
33980 17.8764
33990 18.6048
34000 19.3571
34010 20.1337
34020 20.9347
34030 21.7601
34040 22.6101
34050 23.4846
34060 24.3836
34070 25.3069
34080 26.2544
34090 27.2258
34100 28.2207
34110 29.2388
34120 30.2797
34130 31.3427
34140 32.4273
34150 33.5327
34160 34.6584
34170 35.8033
34180 36.9666
34190 38.1475
34200 39.3448
34210 40.5575
34220 41.7844
34230 43.0244
34240 44.2762
34250 45.5385
34260 46.81
34270 48.0894
34280 49.3752
34290 50.666
34300 51.9603
34310 53.2567
34320 54.5536
34330 55.8495
34340 57.143
34350 58.4325
34360 59.7164
34370 60.9932
34380 62.2615
34390 63.5196
34400 64.7661
34410 65.9994
34420 67.218
34430 68.4205
34440 69.6054
34450 70.7711
34460 71.9163
34470 73.0395
34480 74.1392
34490 75.214
34500 76.2625
34510 77.2832
34520 78.2747
34530 79.2357
34540 80.1646
34550 81.06
34560 81.9205
34570 82.7447
34580 83.5311
34590 84.2783
34600 84.9848
34610 85.649
34620 86.2696
34630 86.845
34640 87.3739
34650 87.8545
34660 88.2856
34670 88.6657
34680 88.9933
34690 89.267
34700 89.4855
34710 89.6475
34720 89.7518
34730 89.7973
34740 89.783
34750 89.7079
34760 89.5713
34770 89.3727
34780 89.1117
34790 88.788
34800 88.4017
34810 87.953
34820 87.4424
34830 86.8707
34840 86.2387
34850 85.5479
34860 84.7996
34870 83.9956
34880 83.138
34890 82.2289
34900 81.2709
34910 80.2665
34920 79.2186
34930 78.1301
34940 77.0041
34950 75.8438
34960 74.6524
34970 73.4331
34980 72.1893
34990 70.9241
35000 69.6408
35010 68.3426
35020 67.0325
35030 65.7134
35040 64.3883
35050 63.0598
35060 61.7304
35070 60.4027
35080 59.0789
35090 57.7612
35100 56.4514
35110 55.1514
35120 53.8629
35130 52.5874
35140 51.3263
35150 50.0807
35160 48.8519
35170 47.6406
35180 46.4479
35190 45.2744
35200 44.1207
35210 42.9875
35220 41.875
35230 40.7837
35240 39.7139
35250 38.6657
35260 37.6392
35270 36.6346
35280 35.6518
35290 34.6909
35300 33.7516
35310 32.834
35320 31.9378
35330 31.0629
35340 30.209
35350 29.3759
35360 28.5633
35370 27.7709
35380 26.9985
35390 26.2456
35400 25.5121
35410 24.7975
35420 24.1015
35430 23.4237
35440 22.7638
35450 22.1215
35460 21.4963
35470 20.8878
35480 20.2958
35490 19.7199
35500 19.1596
35510 18.6147
35520 18.0847
35530 17.5694
35540 17.0683
35550 16.5812
35560 16.1076
35570 15.6473
35580 15.1998
35590 14.765
35600 14.3424
35610 13.9317
35620 13.5327
35630 13.145
35640 12.7683
35650 12.4024
35660 12.0469
35670 11.7016
35680 11.3662
35690 11.0404
35700 10.724
35710 10.4168
35720 10.1184
35730 9.8286
35740 9.54723
35750 9.27403
35760 9.00876
35770 8.75121
35780 8.50117
35790 8.25843
35800 8.02279
35810 7.79405
35820 7.57202
35830 7.35651
35840 7.14735
35850 6.94435
35860 6.74734
35870 6.55615
35880 6.37064
35890 6.19063
35900 6.01597
35910 5.84652
35920 5.68213
35930 5.52265
35940 5.36797
35950 5.21793
35960 5.07241
35970 4.9313
35980 4.79446
35990 4.66178
36000 4.53315
36010 4.40845
36020 4.28758
36030 4.17044
36040 4.05692
36050 3.94693
36060 3.84037
36070 3.73716
36080 3.63719
36090 3.5404
36100 3.44668
36110 3.35598
36120 3.2682
36130 3.18327
36140 3.10113
36150 3.0217
36160 2.94491
36170 2.8707
36180 2.79901
36190 2.72978
36200 2.66294
36210 2.59846
36220 2.53626
36230 2.47631
36240 2.41855
36250 2.36294
36260 2.30943
36270 2.25798
36280 2.20855
36290 2.16111
36300 2.11561
36310 2.07202
36320 2.03031
36330 1.99046
36340 1.95243
36350 1.9162
36360 1.88174
36370 1.84903
36380 1.81806
36390 1.78881
36400 1.76126
36410 1.73539
36420 1.71121
36430 1.68869
36440 1.66783
36450 1.64863
36460 1.63108
36470 1.61519
36480 1.60095
36490 1.58838
36500 1.57748
36510 1.56825
36520 1.56072
36530 1.55489
36540 1.55079
36550 1.54843
36560 1.54784
36570 1.54904
36580 1.55206
36590 1.55693
36600 1.5637
36610 1.57239
36620 1.58305
36630 1.59573
36640 1.61048
36650 1.62735
36660 1.64639
36670 1.66766
36680 1.69124
36690 1.7172
36700 1.7456
36710 1.77653
36720 1.81007
36730 1.84631
36740 1.88535
36750 1.92728
36760 1.97222
36770 2.02027
36780 2.07155
36790 2.12619
36800 2.18433
36810 2.24609
36820 2.31163
36830 2.3811
36840 2.45466
36850 2.53248
36860 2.61474
36870 2.70163
36880 2.79333
36890 2.89006
36900 2.99204
36910 3.09948
36920 3.21261
36930 3.3317
36940 3.45699
36950 3.58874
36960 3.72724
36970 3.87278
36980 4.02566
36990 4.18619
37000 4.3547
37010 4.53153
37020 4.71703
37030 4.91156
37040 5.11549
37050 5.32923
37060 5.55317
37070 5.78772
37080 6.03332
37090 6.29039
37100 6.5594
37110 6.8408
37120 7.13508
37130 7.4427
37140 7.76417
37150 8.09999
37160 8.45068
37170 8.81674
37180 9.1987
37190 9.59709
37200 10.0124
37210 10.4453
37220 10.8962
37230 11.3656
37240 11.8541
37250 12.3622
37260 12.8903
37270 13.4391
37280 14.009
37290 14.6004
37300 15.2138
37310 15.8496
37320 16.5081
37330 17.1899
37340 17.8951
37350 18.6241
37360 19.377
37370 20.1543
37380 20.9559
37390 21.7819
37400 22.6325
37410 23.5077
37420 24.4073
37430 25.3313
37440 26.2794
37450 27.2514
37460 28.2469
37470 29.2656
37480 30.3071
37490 31.3706
37500 32.4558
37510 33.5618
37520 34.6879
37530 35.8333
37540 36.9972
37550 38.1784
37560 39.3761
37570 40.5892
37580 41.8165
37590 43.0568
37600 44.3089
37610 45.5715
37620 46.8432
37630 48.1228
37640 49.4087
37650 50.6996
37660 51.994
37670 53.2904
37680 54.5873
37690 55.8832
37700 57.1766
37710 58.466
37720 59.7497
37730 61.0264
37740 62.2944
37750 63.5522
37760 64.7983
37770 66.0313
37780 67.2495
37790 68.4516
37800 69.6359
37810 70.8012
37820 71.9458
37830 73.0684
37840 74.1675
37850 75.2416
37860 76.2894
37870 77.3094
37880 78.3001
37890 79.2602
37900 80.1883
37910 81.0828
37920 81.9424
37930 82.7657
37940 83.5511
37950 84.2972
37960 85.0026
37970 85.6657
37980 86.2852
37990 86.8594
38000 87.387
38010 87.8664
38020 88.2962
38030 88.6749
38040 89.0011
38050 89.2734
38060 89.4904
38070 89.651
38080 89.7538
38090 89.7977
38100 89.7818
38110 89.7051
38120 89.5669
38130 89.3667
38140 89.1041
38150 88.7788
38160 88.3908
38170 87.9405
38180 87.4283
38190 86.855
38200 86.2215
38210 85.5291
38220 84.7793
38230 83.9739
38240 83.1149
38250 82.2046
38260 81.2453
38270 80.2398
38280 79.1908
38290 78.1013
38300 76.9743
38310 75.8132
38320 74.621
38330 73.401
38340 72.1566
38350 70.8909
38360 69.6072
38370 68.3086
38380 66.9983
38390 65.679
38400 64.3537
38410 63.0252
38420 61.6958
38430 60.3682
38440 59.0445
38450 57.7269
38460 56.4174
38470 55.1177
38480 53.8296
38490 52.5544
38500 51.2937
38510 50.0485
38520 48.8201
38530 47.6093
38540 46.4171
38550 45.2441
38560 44.091
38570 42.9582
38580 41.8463
38590 40.7556
38600 39.6863
38610 38.6387
38620 37.6128
38630 36.6088
38640 35.6266
38650 34.6662
38660 33.7275
38670 32.8104
38680 31.9148
38690 31.0404
38700 30.187
38710 29.3545
38720 28.5424
38730 27.7505
38740 26.9786
38750 26.2263
38760 25.4933
38770 24.7791
38780 24.0836
38790 23.4063
38800 22.7469
38810 22.105
38820 21.4802
38830 20.8722
38840 20.2806
38850 19.7051
38860 19.1452
38870 18.6007
38880 18.0711
38890 17.5562
38900 17.0555
38910 16.5687
38920 16.0955
38930 15.6355
38940 15.1883
38950 14.7538
38960 14.3315
38970 13.9212
38980 13.5224
38990 13.135
39000 12.7586
39010 12.393
39020 12.0378
39030 11.6927
39040 11.3576
39050 11.0321
39060 10.7159
39070 10.4089
39080 10.1107
39090 9.82117
39100 9.54002
39110 9.26702
39120 9.00196
39130 8.74461
39140 8.49476
39150 8.25221
39160 8.01675
39170 7.78819
39180 7.56633
39190 7.35099
39200 7.14199
39210 6.93914
39220 6.74229
39230 6.55125
39240 6.36588
39250 6.18601
39260 6.01149
39270 5.84217
39280 5.67791
39290 5.51857
39300 5.364
39310 5.21408
39320 5.06869
39330 4.92768
39340 4.79096
39350 4.65838
39360 4.52985
39370 4.40526
39380 4.28449
39390 4.16744
39400 4.05402
39410 3.94411
39420 3.83764
39430 3.73451
39440 3.63463
39450 3.53792
39460 3.44428
39470 3.35366
39480 3.26595
39490 3.1811
39500 3.09903
39510 3.01966
39520 2.94294
39530 2.8688
39540 2.79718
39550 2.72801
39560 2.66124
39570 2.59681
39580 2.53468
39590 2.47478
39600 2.41708
39610 2.36152
39620 2.30807
39630 2.25667
39640 2.20729
39650 2.1599
39660 2.11445
39670 2.07091
39680 2.02925
39690 1.98945
39700 1.95146
39710 1.91528
39720 1.88087
39730 1.84821
39740 1.81728
39750 1.78807
39760 1.76056
39770 1.73474
39780 1.7106
39790 1.68812
39800 1.66731
39810 1.64815
39820 1.63065
39830 1.6148
39840 1.60061
39850 1.58808
39860 1.57722
39870 1.56804
39880 1.56055
39890 1.55476
39900 1.55071
39910 1.54839
39920 1.54784
39930 1.54909
39940 1.55216
39950 1.55708
39960 1.5639
39970 1.57264
39980 1.58336
39990 1.59609
40000 1.61089
40010 1.62781
40020 1.64691
40030 1.66825
40040 1.69189
40050 1.71791
40060 1.74637
40070 1.77737
40080 1.81098
40090 1.84729
40100 1.8864
40110 1.92841
40120 1.97343
40130 2.02156
40140 2.07293
40150 2.12766
40160 2.18589
40170 2.24775
40180 2.31339
40190 2.38296
40200 2.45663
40210 2.53457
40220 2.61694
40230 2.70395
40240 2.79578
40250 2.89265
40260 2.99476
40270 3.10235
40280 3.21564
40290 3.33488
40300 3.46033
40310 3.59226
40320 3.73094
40330 3.87667
40340 4.02974
40350 4.19048
40360 4.3592
40370 4.53625
40380 4.72197
40390 4.91674
40400 5.12093
40410 5.33493
40420 5.55914
40430 5.79397
40440 6.03986
40450 6.29724
40460 6.56657
40470 6.8483
40480 7.14291
40490 7.45089
40500 7.77273
40510 8.10893
40520 8.46001
40530 8.82648
40540 9.20886
40550 9.60769
40560 10.0235
40570 10.4568
40580 10.9081
40590 11.378
40600 11.867
40610 12.3757
40620 12.9044
40630 13.4537
40640 14.0241
40650 14.6161
40660 15.23
40670 15.8664
40680 16.5256
40690 17.2079
40700 17.9138
40710 18.6434
40720 19.397
40730 20.1748
40740 20.977
40750 21.8038
40760 22.655
40770 23.5308
40780 24.431
40790 25.3556
40800 26.3044
40810 27.277
40820 28.2731
40830 29.2925
40840 30.3345
40850 31.3986
40860 32.4843
40870 33.5908
40880 34.7175
40890 35.8634
40900 37.0277
40910 38.2094
40920 39.4075
40930 40.621
40940 41.8486
40950 43.0893
40960 44.3416
40970 45.6045
40980 46.8765
40990 48.1562
41000 49.4423
41010 50.7333
41020 52.0277
41030 53.3242
41040 54.6211
41050 55.9169
41060 57.2102
41070 58.4995
41080 59.7831
41090 61.0595
41100 62.3272
41110 63.5848
41120 64.8306
41130 66.0632
41140 67.281
41150 68.4826
41160 69.6665
41170 70.8312
41180 71.9753
41190 73.0973
41200 74.1957
41210 75.2692
41220 76.3163
41230 77.3355
41240 78.3255
41250 79.2848
41260 80.212
41270 81.1057
41280 81.9643
41290 82.7866
41300 83.571
41310 84.3161
41320 85.0204
41330 85.6824
41340 86.3007
41350 86.8737
41360 87.4001
41370 87.8782
41380 88.3067
41390 88.684
41400 89.0089
41410 89.2797
41420 89.4953
41430 89.6544
41440 89.7556
41450 89.798
41460 89.7805
41470 89.7023
41480 89.5625
41490 89.3607
41500 89.0964
41510 88.7695
41520 88.3799
41530 87.928
41540 87.4142
41550 86.8392
41560 86.2042
41570 85.5103
41580 84.7591
41590 83.9522
41600 83.0919
41610 82.1802
41620 81.2197
41630 80.213
41640 79.1629
41650 78.0724
41660 76.9445
41670 75.7825
41680 74.5895
41690 73.3689
41700 72.1239
41710 70.8577
41720 69.5736
41730 68.2747
41740 66.964
41750 65.6446
41760 64.3192
41770 62.9906
41780 61.6612
41790 60.3337
41800 59.0102
41810 57.6927
41820 56.3834
41830 55.084
41840 53.7962
41850 52.5214
41860 51.261
41870 50.0163
41880 48.7884
41890 47.5781
41900 46.3863
41910 45.2138
41920 44.0612
41930 42.929
41940 41.8177
41950 40.7275
41960 39.6588
41970 38.6117
41980 37.5864
41990 36.5829
42000 35.6013
42010 34.6415
42020 33.7033
42030 32.7868
42040 31.8918
42050 31.0179
42060 30.1651
42070 29.3331
42080 28.5215
42090 27.7302
42100 26.9588
42110 26.207
42120 25.4744
42130 24.7608
42140 24.0658
42150 23.3889
42160 22.73
42170 22.0885
42180 21.4642
42190 20.8566
42200 20.2654
42210 19.6903
42220 19.1309
42230 18.5867
42240 18.0576
42250 17.543
42260 17.0426
42270 16.5562
42280 16.0833
42290 15.6237
42300 15.1769
42310 14.7427
42320 14.3207
42330 13.9106
42340 13.5122
42350 13.1251
42360 12.749
42370 12.3836
42380 12.0287
42390 11.6839
42400 11.349
42410 11.0237
42420 10.7078
42430 10.401
42440 10.1031
42450 9.81375
42460 9.53281
42470 9.26002
42480 8.99516
42490 8.73801
42500 8.48836
42510 8.24599
42520 8.01072
42530 7.78233
42540 7.56064
42550 7.34547
42560 7.13663
42570 6.93394
42580 6.73724
42590 6.54636
42600 6.36113
42610 6.1814
42620 6.00702
42630 5.83784
42640 5.6737
42650 5.51448
42660 5.36004
42670 5.21024
42680 5.06496
42690 4.92407
42700 4.78745
42710 4.65499
42720 4.52656
42730 4.40207
42740 4.2814
42750 4.16444
42760 4.05111
42770 3.9413
42780 3.83492
42790 3.73187
42800 3.63208
42810 3.53544
42820 3.44189
42830 3.35134
42840 3.26371
42850 3.17893
42860 3.09693
42870 3.01763
42880 2.94098
42890 2.86691
42900 2.79534
42910 2.72624
42920 2.65953
42930 2.59516
42940 2.53309
42950 2.47325
42960 2.41561
42970 2.3601
42980 2.3067
42990 2.25536
43000 2.20603
43010 2.15869
43020 2.11329
43030 2.0698
43040 2.02819
43050 1.98843
43060 1.9505
43070 1.91436
43080 1.87999
43090 1.84738
43100 1.8165
43110 1.78733
43120 1.75987
43130 1.73409
43140 1.70999
43150 1.68756
43160 1.66679
43170 1.64767
43180 1.63021
43190 1.61441
43200 1.60026
43210 1.58777
43220 1.57696
43230 1.56782
43240 1.56038
43250 1.55464
43260 1.55062
43270 1.54835
43280 1.54785
43290 1.54915
43300 1.55226
43310 1.55724
43320 1.5641
43330 1.5729
43340 1.58366
43350 1.59645
43360 1.61131
43370 1.62828
43380 1.64744
43390 1.66883
43400 1.69254
43410 1.71862
43420 1.74715
43430 1.77821
43440 1.81189
43450 1.84827
43460 1.88746
43470 1.92954
43480 1.97464
43490 2.02286
43500 2.07431
43510 2.12913
43520 2.18745
43530 2.24941
43540 2.31515
43550 2.38483
43560 2.45861
43570 2.53665
43580 2.61915
43590 2.70628
43600 2.79824
43610 2.89524
43620 2.99749
43630 3.10522
43640 3.21867
43650 3.33807
43660 3.46368
43670 3.59578
43680 3.73464
43690 3.88056
43700 4.03383
43710 4.19476
43720 4.3637
43730 4.54097
43740 4.72693
43750 4.92194
43760 5.12638
43770 5.34063
43780 5.56511
43790 5.80023
43800 6.04641
43810 6.3041
43820 6.57374
43830 6.8558
43840 7.15076
43850 7.45909
43860 7.7813
43870 8.11788
43880 8.46935
43890 8.83623
43900 9.21903
43910 9.61829
43920 10.0345
43930 10.4683
43940 10.9201
43950 11.3905
43960 11.88
43970 12.3892
43980 12.9184
43990 13.4683
44000 14.0393
44010 14.6318
44020 15.2463
44030 15.8833
44040 16.5431
44050 17.226
44060 17.9324
44070 18.6627
44080 19.4169
44090 20.1954
44100 20.9983
44110 21.8256
44120 22.6775
44130 23.5539
44140 24.4548
44150 25.38
44160 26.3294
44170 27.3026
44180 28.2994
44190 29.3193
44200 30.3619
44210 31.4266
44220 32.5129
44230 33.6199
44240 34.7471
44250 35.8935
44260 37.0582
44270 38.2404
44280 39.4389
44290 40.6528
44300 41.8808
44310 43.1217
44320 44.3744
44330 45.6375
44340 46.9097
44350 48.1896
44360 49.4758
44370 50.7669
44380 52.0615
44390 53.3579
44400 54.6548
44410 55.9506
44420 57.2439
44430 58.5329
44440 59.8164
44450 61.0926
44460 62.3601
44470 63.6174
44480 64.8629
44490 66.0951
44500 67.3125
44510 68.5137
44520 69.6971
44530 70.8613
44540 72.0048
44550 73.1262
44560 74.224
44570 75.2968
44580 76.3432
44590 77.3617
44600 78.3509
44610 79.3094
44620 80.2357
44630 81.1285
44640 81.9862
44650 82.8075
44660 83.5909
44670 84.3349
44680 85.0381
44690 85.6991
44700 86.3162
44710 86.888
44720 87.4131
44730 87.89
44740 88.3172
44750 88.6932
44760 89.0166
44770 89.2861
44780 89.5002
44790 89.6577
44800 89.7575
44810 89.7983
44820 89.7793
44830 89.6994
44840 89.5581
44850 89.3546
44860 89.0887
44870 88.7601
44880 88.3689
44890 87.9154
44900 87.4
44910 86.8235
44920 86.1869
44930 85.4915
44940 84.7387
44950 83.9305
44960 83.0688
44970 82.1558
44980 81.1941
44990 80.1862
45000 79.135
45010 78.0435
45020 76.9147
45030 75.7518
45040 74.5581
45050 73.3368
45060 72.0912
45070 70.8245
45080 69.5399
45090 68.2407
45100 66.9298
45110 65.6101
45120 64.2846
45130 62.9559
45140 61.6267
45150 60.2992
45160 58.9758
45170 57.6586
45180 56.3495
45190 55.0504
45200 53.7628
45210 52.4884
45220 51.2284
45230 49.9842
45240 48.7566
45250 47.5468
45260 46.3555
45270 45.1836
45280 44.0315
45290 42.8998
45300 41.789
45310 40.6994
45320 39.6313
45330 38.5847
45340 37.56
45350 36.5571
45360 35.576
45370 34.6168
45380 33.6792
45390 32.7633
45400 31.8687
45410 30.9955
45420 30.1432
45430 29.3117
45440 28.5007
45450 27.7099
45460 26.939
45470 26.1877
45480 25.4556
45490 24.7425
45500 24.0479
45510 23.3716
45520 22.713
45530 22.072
45540 21.4481
45550 20.841
45560 20.2503
45570 19.6756
45580 19.1165
45590 18.5728
45600 18.044
45610 17.5298
45620 17.0298
45630 16.5437
45640 16.0712
45650 15.6119
45660 15.1654
45670 14.7315
45680 14.3099
45690 13.9001
45700 13.502
45710 13.1152
45720 12.7393
45730 12.3742
45740 12.0196
45750 11.675
45760 11.3404
45770 11.0154
45780 10.6997
45790 10.3931
45800 10.0954
45810 9.80633
45820 9.52561
45830 9.25303
45840 8.98837
45850 8.73142
45860 8.48196
45870 8.23978
45880 8.00469
45890 7.77648
45900 7.55496
45910 7.33995
45920 7.13128
45930 6.92875
45940 6.7322
45950 6.54147
45960 6.35638
45970 6.1768
45980 6.00255
45990 5.8335
46000 5.6695
46010 5.5104
46020 5.35608
46030 5.2064
46040 5.06124
46050 4.92046
46060 4.78395
46070 4.65159
46080 4.52327
46090 4.39888
46100 4.2783
46110 4.16145
46120 4.04821
46130 3.93849
46140 3.83219
46150 3.72923
46160 3.62952
46170 3.53297
46180 3.43949
46190 3.34902
46200 3.26146
46210 3.17676
46220 3.09483
46230 3.0156
46240 2.93902
46250 2.86501
46260 2.79351
46270 2.72447
46280 2.65783
46290 2.59352
46300 2.5315
46310 2.47172
46320 2.41413
46330 2.35869
46340 2.30534
46350 2.25405
46360 2.20478
46370 2.15748
46380 2.11213
46390 2.0687
46400 2.02713
46410 1.98742
46420 1.94954
46430 1.91344
46440 1.87912
46450 1.84655
46460 1.81572
46470 1.7866
46480 1.75918
46490 1.73344
46500 1.70939
46510 1.687
46520 1.66627
46530 1.6472
46540 1.62978
46550 1.61402
46560 1.59991
46570 1.58747
46580 1.5767
46590 1.56761
46600 1.5602
46610 1.55451
46620 1.55054
46630 1.54832
46640 1.54786
46650 1.54921
46660 1.55237
46670 1.55739
46680 1.56431
46690 1.57315
46700 1.58397
46710 1.59681
46720 1.61172
46730 1.62875
46740 1.64797
46750 1.66942
46760 1.69319
46770 1.71933
46780 1.74792
46790 1.77905
46800 1.8128
46810 1.84926
46820 1.88852
46830 1.93068
46840 1.97585
46850 2.02415
46860 2.0757
46870 2.13061
46880 2.18902
46890 2.25107
46900 2.31691
46910 2.3867
46920 2.46058
46930 2.53874
46940 2.62136
46950 2.70861
46960 2.8007
46970 2.89784
46980 3.00023
46990 3.1081
47000 3.2217
47010 3.34126
47020 3.46704
47030 3.59931
47040 3.73835
47050 3.88445
47060 4.03792
47070 4.19906
47080 4.36821
47090 4.5457
47100 4.73189
47110 4.92714
47120 5.13183
47130 5.34635
47140 5.5711
47150 5.8065
47160 6.05297
47170 6.31096
47180 6.58092
47190 6.86331
47200 7.15861
47210 7.4673
47220 7.78987
47230 8.12684
47240 8.4787
47250 8.84599
47260 9.22921
47270 9.62891
47280 10.0456
47290 10.4798
47300 10.9321
47310 11.403
47320 11.893
47330 12.4027
47340 12.9325
47350 13.4829
47360 14.0544
47370 14.6475
47380 15.2626
47390 15.9002
47400 16.5605
47410 17.2441
47420 17.9511
47430 18.682
47440 19.4369
47450 20.216
47460 21.0195
47470 21.8475
47480 22.7
47490 23.5771
47500 24.4786
47510 25.4044
47520 26.3544
47530 27.3283
47540 28.3256
47550 29.3462
47560 30.3893
47570 31.4546
47580 32.5414
47590 33.649
47600 34.7767
47610 35.9236
47620 37.0888
47630 38.2714
47640 39.4703
47650 40.6846
47660 41.9129
47670 43.1542
47680 44.4071
47690 45.6705
47700 46.9429
47710 48.223
47720 49.5094
47730 50.8006
47740 52.0952
47750 53.3917
47760 54.6886
47770 55.9843
47780 57.2775
47790 58.5664
47800 59.8497
47810 61.1257
47820 62.393
47830 63.6499
47840 64.8951
47850 66.127
47860 67.344
47870 68.5447
47880 69.7276
47890 70.8913
47900 72.0343
47910 73.1551
47920 74.2523
47930 75.3244
47940 76.37
47950 77.3878
47960 78.3762
47970 79.3339
47980 80.2594
47990 81.1512
48000 82.0081
48010 82.8284
48020 83.6108
48030 84.3538
48040 85.0559
48050 85.7157
48060 86.3316
48070 86.9023
48080 87.4262
48090 87.9018
48100 88.3276
48110 88.7023
48120 89.0243
48130 89.2923
48140 89.505
48150 89.6611
48160 89.7593
48170 89.7986
48180 89.778
48190 89.6965
48200 89.5535
48210 89.3485
48220 89.0809
48230 88.7507
48240 88.3579
48250 87.9027
48260 87.3857
48270 86.8077
48280 86.1695
48290 85.4726
48300 84.7184
48310 83.9088
48320 83.0457
48330 82.1314
48340 81.1684
48350 80.1594
48360 79.1071
48370 78.0146
48380 76.8848
48390 75.7211
48400 74.5267
48410 73.3047
48420 72.0585
48430 70.7913
48440 69.5063
48450 68.2067
48460 66.8955
48470 65.5757
48480 64.2501
48490 62.9213
48500 61.5921
48510 60.2647
48520 58.9414
48530 57.6244
48540 56.3155
48550 55.0167
48560 53.7295
48570 52.4554
48580 51.1959
48590 49.952
48600 48.7249
48610 47.5156
48620 46.3248
48630 45.1533
48640 44.0018
48650 42.8707
48660 41.7604
48670 40.6713
48680 39.6037
48690 38.5578
48700 37.5336
48710 36.5313
48720 35.5508
48730 34.5921
48740 33.6551
48750 32.7397
48760 31.8457
48770 30.973
48780 30.1213
48790 29.2903
48800 28.4798
48810 27.6896
48820 26.9192
48830 26.1684
48840 25.4368
48850 24.7242
48860 24.0301
48870 23.3542
48880 22.6961
48890 22.0556
48900 21.4321
48910 20.8254
48920 20.2351
48930 19.6608
48940 19.1022
48950 18.5588
48960 18.0304
48970 17.5166
48980 17.017
48990 16.5312
49000 16.0591
49010 15.6001
49020 15.154
49030 14.7204
49040 14.2991
49050 13.8896
49060 13.4918
49070 13.1052
49080 12.7297
49090 12.3649
49100 12.0105
49110 11.6662
49120 11.3318
49130 11.007
49140 10.6916
49150 10.3853
49160 10.0878
49170 9.79892
49180 9.51841
49190 9.24604
49200 8.98159
49210 8.72483
49220 8.47556
49230 8.23357
49240 7.99866
49250 7.77063
49260 7.54928
49270 7.33444
49280 7.12593
49290 6.92356
49300 6.72716
49310 6.53658
49320 6.35164
49330 6.17219
49340 5.99809
49350 5.82917
49360 5.66529
49370 5.50633
49380 5.35213
49390 5.20257
49400 5.05752
49410 4.91685
49420 4.78045
49430 4.6482
49440 4.51998
49450 4.39569
49460 4.27522
49470 4.15845
49480 4.04531
49490 3.93568
49500 3.82947
49510 3.7266
49520 3.62697
49530 3.5305
49540 3.4371
49550 3.3467
49560 3.25922
49570 3.17459
49580 3.09273
49590 3.01358
49600 2.93706
49610 2.86312
49620 2.79169
49630 2.72271
49640 2.65612
49650 2.59188
49660 2.52992
49670 2.4702
49680 2.41266
49690 2.35727
49700 2.30398
49710 2.25274
49720 2.20352
49730 2.15628
49740 2.11098
49750 2.06759
49760 2.02608
49770 1.98641
49780 1.94857
49790 1.91253
49800 1.87825
49810 1.84573
49820 1.81494
49830 1.78586
49840 1.75849
49850 1.7328
49860 1.70878
49870 1.68644
49880 1.66575
49890 1.64672
49900 1.62935
49910 1.61363
49920 1.59957
49930 1.58717
49940 1.57644
49950 1.56739
49960 1.56003
49970 1.55439
49980 1.55046
49990 1.54828
50000 1.54788
50010 1.54926
50020 1.55248
50030 1.55755
50040 1.56451
50050 1.57341
50060 1.58428
50070 1.59717
50080 1.61214
50090 1.62923
50100 1.6485
50110 1.67001
50120 1.69384
50130 1.72004
50140 1.7487
50150 1.7799
50160 1.81371
50170 1.85024
50180 1.88958
50190 1.93182
50200 1.97707
50210 2.02545
50220 2.07708
50230 2.13208
50240 2.19059
50250 2.25274
50260 2.31868
50270 2.38857
50280 2.46256
50290 2.54084
50300 2.62357
50310 2.71095
50320 2.80317
50330 2.90043
50340 3.00296
50350 3.11099
50360 3.22473
50370 3.34445
50380 3.4704
50390 3.60284
50400 3.74206
50410 3.88835
50420 4.04201
50430 4.20336
50440 4.37272
50450 4.55043
50460 4.73685
50470 4.93235
50480 5.13729
50490 5.35207
50500 5.57709
50510 5.81277
50520 6.05954
50530 6.31784
50540 6.58811
50550 6.87083
50560 7.16647
50570 7.47552
50580 7.79846
50590 8.13581
50600 8.48807
50610 8.85576
50620 9.23941
50630 9.63954
50640 10.0567
50650 10.4914
50660 10.9442
50670 11.4155
50680 11.9061
50690 12.4162
50700 12.9465
50710 13.4975
50720 14.0696
50730 14.6632
50740 15.2789
50750 15.9171
50760 16.578
50770 17.2622
50780 17.9699
50790 18.7013
50800 19.4568
50810 20.2366
50820 21.0407
50830 21.8694
50840 22.7225
50850 23.6002
50860 24.5024
50870 25.4289
50880 26.3795
50890 27.3539
50900 28.3519
50910 29.373
50920 30.4168
50930 31.4826
50940 32.57
50950 33.6781
50960 34.8063
50970 35.9537
50980 37.1194
50990 38.3024
51000 39.5018
51010 40.7164
51020 41.945
51030 43.1866
51040 44.4399
51050 45.7035
51060 46.9761
51070 48.2564
51080 49.5429
51090 50.8343
51100 52.1289
51110 53.4254
51120 54.7223
51130 56.018
51140 57.3111
51150 58.5999
51160 59.883
51170 61.1588
51180 62.4258
51190 63.6825
51200 64.9273
51210 66.1588
51220 67.3755
51230 68.5757
51240 69.7582
51250 70.9213
51260 72.0637
51270 73.1839
51280 74.2805
51290 75.3519
51300 76.3969
51310 77.4139
51320 78.4015
51330 79.3584
51340 80.283
51350 81.174
51360 82.0299
51370 82.8492
51380 83.6306
51390 84.3726
51400 85.0736
51410 85.7323
51420 86.3471
51430 86.9165
51440 87.4392
51450 87.9135
51460 88.338
51470 88.7113
51480 89.032
51490 89.2986
51500 89.5098
51510 89.6644
51520 89.7611
51530 89.7988
51540 89.7766
51550 89.6936
51560 89.549
51570 89.3423
51580 89.0731
51590 88.7413
51600 88.3468
51610 87.8901
51620 87.3715
51630 86.7918
51640 86.1521
51650 85.4537
51660 84.698
51670 83.887
51680 83.0225
51690 82.1069
51700 81.1427
51710 80.1325
51720 79.0792
51730 77.9856
51740 76.855
51750 75.6904
51760 74.4952
51770 73.2725
51780 72.0257
51790 70.758
51800 69.4726
51810 68.1727
51820 66.8613
51830 65.5412
51840 64.2155
51850 62.8867
51860 61.5575
51870 60.2302
51880 58.907
51890 57.5902
51900 56.2816
51910 54.983
51920 53.6962
51930 52.4224
51940 51.1633
51950 49.9198
51960 48.6932
51970 47.4843
51980 46.2941
51990 45.1231
52000 43.9721
52010 42.8415
52020 41.7318
52030 40.6433
52040 39.5762
52050 38.5309
52060 37.5072
52070 36.5055
52080 35.5255
52090 34.5674
52100 33.631
52110 32.7162
52120 31.8228
52130 30.9506
52140 30.0994
52150 29.269
52160 28.459
52170 27.6693
52180 26.8994
52190 26.1491
52200 25.418
52210 24.7059
52220 24.0123
52230 23.3368
52240 22.6792
52250 22.0391
52260 21.4161
52270 20.8099
52280 20.22
52290 19.6461
52300 19.0878
52310 18.5449
52320 18.0168
52330 17.5034
52340 17.0042
52350 16.5188
52360 16.0469
52370 15.5883
52380 15.1425
52390 14.7093
52400 14.2882
52410 13.8791
52420 13.4816
52430 13.0953
52440 12.7201
52450 12.3555
52460 12.0014
52470 11.6574
52480 11.3233
52490 10.9987
52500 10.6835
52510 10.3774
52520 10.0802
52530 9.79151
52540 9.51122
52550 9.23906
52560 8.97481
52570 8.71825
52580 8.46917
52590 8.22737
52600 7.99264
52610 7.76478
52620 7.54361
52630 7.32894
52640 7.12058
52650 6.91837
52660 6.72213
52670 6.53169
52680 6.3469
52690 6.16759
52700 5.99362
52710 5.82484
52720 5.66109
52730 5.50225
52740 5.34818
52750 5.19874
52760 5.0538
52770 4.91325
52780 4.77696
52790 4.64481
52800 4.5167
52810 4.39251
52820 4.27213
52830 4.15546
52840 4.04241
52850 3.93287
52860 3.82675
52870 3.72396
52880 3.62442
52890 3.52803
52900 3.43471
52910 3.34439
52920 3.25699
52930 3.17243
52940 3.09064
52950 3.01155
52960 2.9351
52970 2.86123
52980 2.78986
52990 2.72094
53000 2.65442
53010 2.59024
53020 2.52834
53030 2.46867
53040 2.41119
53050 2.35586
53060 2.30262
53070 2.25143
53080 2.20227
53090 2.15507
53100 2.10983
53110 2.06649
53120 2.02502
53130 1.98541
53140 1.94761
53150 1.91161
53160 1.87738
53170 1.84491
53180 1.81416
53190 1.78513
53200 1.7578
53210 1.73215
53220 1.70818
53230 1.68588
53240 1.66524
53250 1.64625
53260 1.62892
53270 1.61324
53280 1.59922
53290 1.58687
53300 1.57618
53310 1.56718
53320 1.55987
53330 1.55426
53340 1.55038
53350 1.54825
53360 1.54789
53370 1.54932
53380 1.55259
53390 1.55771
53400 1.56472
53410 1.57367
53420 1.58459
53430 1.59754
53440 1.61255
53450 1.6297
53460 1.64903
53470 1.6706
53480 1.69449
53490 1.72075
53500 1.74948
53510 1.78074
53520 1.81463
53530 1.85123
53540 1.89064
53550 1.93296
53560 1.97829
53570 2.02676
53580 2.07847
53590 2.13356
53600 2.19216
53610 2.25441
53620 2.32045
53630 2.39044
53640 2.46454
53650 2.54293
53660 2.62578
53670 2.71328
53680 2.80563
53690 2.90303
53700 3.00571
53710 3.11387
53720 3.22777
53730 3.34765
53740 3.47376
53750 3.60638
53760 3.74578
53770 3.89226
53780 4.04611
53790 4.20766
53800 4.37724
53810 4.55517
53820 4.74183
53830 4.93756
53840 5.14275
53850 5.35779
53860 5.58309
53870 5.81905
53880 6.06611
53890 6.32472
53900 6.59531
53910 6.87836
53920 7.17435
53930 7.48375
53940 7.80706
53950 8.14478
53960 8.49744
53970 8.86554
53980 9.24961
53990 9.65018
54000 10.0678
54010 10.5029
54020 10.9562
54030 11.4281
54040 11.9191
54050 12.4298
54060 12.9606
54070 13.5121
54080 14.0847
54090 14.679
54100 15.2953
54110 15.934
54120 16.5956
54130 17.2803
54140 17.9886
54150 18.7207
54160 19.4768
54170 20.2572
54180 21.062
54190 21.8913
54200 22.7451
54210 23.6234
54220 24.5262
54230 25.4533
54240 26.4045
54250 27.3796
54260 28.3782
54270 29.3999
54280 30.4442
54290 31.5107
54300 32.5986
54310 33.7072
54320 34.8359
54330 35.9838
54340 37.1499
54350 38.3334
54360 39.5332
54370 40.7482
54380 41.9772
54390 43.2191
54400 44.4727
54410 45.7365
54420 47.0094
54430 48.2898
54440 49.5765
54450 50.8679
54460 52.1627
54470 53.4592
54480 54.7561
54490 56.0517
54500 57.3447
54510 58.6334
54520 59.9163
54530 61.1919
54540 62.4587
54550 63.7151
54560 64.9596
54570 66.1907
54580 67.4069
54590 68.6067
54600 69.7887
54610 70.9513
54620 72.0932
54630 73.2128
54640 74.3087
54650 75.3795
54660 76.4237
54670 77.44
54680 78.4268
54690 79.3829
54700 80.3066
54710 81.1967
54720 82.0517
54730 82.8701
54740 83.6504
54750 84.3913
54760 85.0913
54770 85.7488
54780 86.3625
54790 86.9307
54800 87.4521
54810 87.9252
54820 88.3484
54830 88.7203
54840 89.0396
54850 89.3048
54860 89.5146
54870 89.6676
54880 89.7628
54890 89.799
54900 89.7752
54910 89.6906
54920 89.5444
54930 89.3361
54940 89.0653
54950 88.7318
54960 88.3357
54970 87.8773
54980 87.3571
54990 86.7759
55000 86.1347
55010 85.4347
55020 84.6776
55030 83.8651
55040 82.9993
55050 82.0824
55060 81.117
55070 80.1056
55080 79.0512
55090 77.9566
55100 76.8251
55110 75.6597
55120 74.4637
55130 73.2404
55140 71.993
55150 70.7248
55160 69.439
55170 68.1387
55180 66.827
55190 65.5068
55200 64.1809
55210 62.8521
55220 61.5229
55230 60.1957
55240 58.8727
55250 57.556
55260 56.2477
55270 54.9494
55280 53.6628
55290 52.3895
55300 51.1307
55310 49.8877
55320 48.6615
55330 47.4531
55340 46.2633
55350 45.0929
55360 43.9424
55370 42.8123
55380 41.7032
55390 40.6152
55400 39.5488
55410 38.5039
55420 37.4809
55430 36.4797
55440 35.5003
55450 34.5428
55460 33.6069
55470 32.6926
55480 31.7998
55490 30.9281
55500 30.0775
55510 29.2476
55520 28.4382
55530 27.649
55540 26.8796
55550 26.1298
55560 25.3993
55570 24.6876
55580 23.9944
55590 23.3195
55600 22.6624
55610 22.0227
55620 21.4001
55630 20.7943
55640 20.2048
55650 19.6313
55660 19.0735
55670 18.5309
55680 18.0033
55690 17.4902
55700 16.9913
55710 16.5063
55720 16.0348
55730 15.5765
55740 15.1311
55750 14.6982
55760 14.2775
55770 13.8686
55780 13.4714
55790 13.0854
55800 12.7105
55810 12.3462
55820 11.9923
55830 11.6486
55840 11.3147
55850 10.9904
55860 10.6755
55870 10.3696
55880 10.0726
55890 9.78411
55900 9.50403
55910 9.23208
55920 8.96803
55930 8.71167
55940 8.46279
55950 8.22117
55960 7.98662
55970 7.75894
55980 7.53794
55990 7.32343
56000 7.11524
56010 6.91319
56020 6.7171
56030 6.52681
56040 6.34216
56050 6.163
56060 5.98917
56070 5.82051
56080 5.6569
56090 5.49818
56100 5.34423
56110 5.19491
56120 5.05009
56130 4.90965
56140 4.77347
56150 4.64143
56160 4.51342
56170 4.38933
56180 4.26905
56190 4.15248
56200 4.03951
56210 3.93007
56220 3.82403
56230 3.72133
56240 3.62187
56250 3.52556
56260 3.43232
56270 3.34208
56280 3.25475
56290 3.17026
56300 3.08855
56310 3.00953
56320 2.93315
56330 2.85934
56340 2.78804
56350 2.71918
56360 2.65272
56370 2.5886
56380 2.52675
56390 2.46715
56400 2.40973
56410 2.35445
56420 2.30126
56430 2.25013
56440 2.20101
56450 2.15387
56460 2.10867
56470 2.06538
56480 2.02397
56490 1.9844
56500 1.94665
56510 1.9107
56520 1.87652
56530 1.84408
56540 1.81338
56550 1.7844
56560 1.75711
56570 1.73151
56580 1.70758
56590 1.68532
56600 1.66472
56610 1.64578
56620 1.62849
56630 1.61286
56640 1.59888
56650 1.58657
56660 1.57593
56670 1.56697
56680 1.5597
56690 1.55414
56700 1.55031
56710 1.54822
56720 1.5479
56730 1.54939
56740 1.5527
56750 1.55786
56760 1.56493
56770 1.57393
56780 1.5849
56790 1.5979
56800 1.61297
56810 1.63017
56820 1.64956
56830 1.67119
56840 1.69514
56850 1.72147
56860 1.75026
56870 1.78159
56880 1.81555
56890 1.85222
56900 1.8917
56910 1.9341
56920 1.97951
56930 2.02806
56940 2.07986
56950 2.13504
56960 2.19373
56970 2.25608
56980 2.32222
56990 2.39232
57000 2.46653
57010 2.54503
57020 2.628
57030 2.71563
57040 2.8081
57050 2.90564
57060 3.00845
57070 3.11676
57080 3.23082
57090 3.35085
57100 3.47713
57110 3.60992
57120 3.7495
57130 3.89617
57140 4.05022
57150 4.21198
57160 4.38176
57170 4.55992
57180 4.7468
57190 4.94278
57200 5.14822
57210 5.36352
57220 5.58909
57230 5.82534
57240 6.0727
57250 6.33161
57260 6.60252
57270 6.8859
57280 7.18223
57290 7.49198
57300 7.81566
57310 8.15377
57320 8.50682
57330 8.87533
57340 9.25983
57350 9.66083
57360 10.0789
57370 10.5145
57380 10.9682
57390 11.4406
57400 11.9321
57410 12.4433
57420 12.9747
57430 13.5267
57440 14.0999
57450 14.6947
57460 15.3116
57470 15.9509
57480 16.6131
57490 17.2985
57500 18.0074
57510 18.7401
57520 19.4968
57530 20.2778
57540 21.0833
57550 21.9132
57560 22.7676
57570 23.6466
57580 24.55
57590 25.4778
57600 26.4296
57610 27.4053
57620 28.4045
57630 29.4268
57640 30.4717
57650 31.5387
57660 32.6272
57670 33.7364
57680 34.8656
57690 36.0139
57700 37.1805
57710 38.3644
57720 39.5646
57730 40.78
57740 42.0094
57750 43.2516
57760 44.5054
57770 45.7695
57780 47.0426
57790 48.3232
57800 49.6101
57810 50.9016
57820 52.1964
57830 53.493
57840 54.7898
57850 56.0854
57860 57.3783
57870 58.6669
57880 59.9496
57890 61.225
57900 62.4915
57910 63.7476
57920 64.9918
57930 66.2225
57940 67.4384
57950 68.6377
57960 69.8192
57970 70.9813
57980 72.1226
57990 73.2416
58000 74.3369
58010 75.407
58020 76.4505
58030 77.4661
58040 78.4521
58050 79.4073
58060 80.3302
58070 81.2194
58080 82.0734
58090 82.8909
58100 83.6702
58110 84.4101
58120 85.109
58130 85.7654
58140 86.3779
58150 86.9449
58160 87.4651
58170 87.9368
58180 88.3587
58190 88.7293
58200 89.0472
58210 89.311
58220 89.5193
58230 89.6708
58240 89.7645
58250 89.7992
58260 89.7738
58270 89.6876
58280 89.5398
58290 89.3298
58300 89.0574
58310 88.7223
58320 88.3246
58330 87.8646
58340 87.3428
58350 86.76
58360 86.1172
58370 85.4157
58380 84.6571
58390 83.8433
58400 82.9761
58410 82.0579
58420 81.0912
58430 80.0787
58440 79.0232
58450 77.9276
58460 76.7952
58470 75.6289
58480 74.4322
58490 73.2082
58500 71.9602
58510 70.6915
58520 69.4053
58530 68.1047
58540 66.7927
58550 65.4723
58560 64.1464
58570 62.8175
58580 61.4883
58590 60.1612
58600 58.8383
58610 57.5218
58620 56.2137
58630 54.9157
58640 53.6295
58650 52.3565
58660 51.0981
58670 49.8555
58680 48.6298
58690 47.4219
58700 46.2326
58710 45.0627
58720 43.9127
58730 42.7832
58740 41.6746
58750 40.5872
58760 39.5213
58770 38.477
58780 37.4546
58790 36.4539
58800 35.4751
58810 34.5181
58820 33.5828
58830 32.6691
58840 31.7768
58850 30.9057
58860 30.0556
58870 29.2263
58880 28.4174
58890 27.6287
58900 26.8598
58910 26.1106
58920 25.3805
58930 24.6693
58940 23.9766
58950 23.3022
58960 22.6455
58970 22.0063
58980 21.3842
58990 20.7787
59000 20.1897
59010 19.6166
59020 19.0592
59030 18.517
59040 17.9898
59050 17.4771
59060 16.9785
59070 16.4939
59080 16.0227
59090 15.5648
59100 15.1197
59110 14.6871
59120 14.2667
59130 13.8581
59140 13.4612
59150 13.0755
59160 12.7008
59170 12.3368
59180 11.9832
59190 11.6397
59200 11.3061
59210 10.9821
59220 10.6674
59230 10.3617
59240 10.0649
59250 9.77672
59260 9.49685
59270 9.22511
59280 8.96126
59290 8.7051
59300 8.45641
59310 8.21498
59320 7.98061
59330 7.7531
59340 7.53227
59350 7.31793
59360 7.1099
59370 6.90801
59380 6.71207
59390 6.52193
59400 6.33743
59410 6.15841
59420 5.98471
59430 5.81619
59440 5.65271
59450 5.49412
59460 5.34028
59470 5.19108
59480 5.04638
59490 4.90605
59500 4.76998
59510 4.63805
59520 4.51014
59530 4.38615
59540 4.26597
59550 4.14949
59560 4.03662
59570 3.92726
59580 3.82132
59590 3.7187
59600 3.61932
59610 3.52309
59620 3.42993
59630 3.33977
59640 3.25251
59650 3.1681
59660 3.08645
59670 3.00751
59680 2.9312
59690 2.85745
59700 2.78621
59710 2.71742
59720 2.65102
59730 2.58696
59740 2.52517
59750 2.46563
59760 2.40826
59770 2.35304
59780 2.2999
59790 2.24883
59800 2.19976
59810 2.15267
59820 2.10752
59830 2.06428
59840 2.02291
59850 1.98339
59860 1.94569
59870 1.90979
59880 1.87565
59890 1.84326
59900 1.81261
59910 1.78366
59920 1.75642
59930 1.73086
59940 1.70698
59950 1.68476
59960 1.66421
59970 1.64531
59980 1.62806
59990 1.61247
