0 0
10 4.79647
20 9.44724
30 13.9567
40 18.3292
50 22.5689
60 26.6798
70 30.6658
80 34.5307
90 38.2782
100 41.9119
110 45.4352
120 48.8515
130 52.164
140 55.3758
150 58.4901
160 61.5098
170 64.4378
180 67.2768
190 70.0296
200 72.6987
210 75.2868
220 77.7962
230 80.2295
240 82.5888
250 84.8764
260 87.0945
270 89.2453
280 91.3307
290 93.3528
300 95.3135
310 97.2145
320 99.0579
330 100.845
340 102.578
350 104.259
360 105.888
370 107.468
380 109
390 110.485
400 111.925
410 113.322
420 114.676
430 115.989
440 117.262
450 118.496
460 119.693
470 120.853
480 121.979
490 123.07
500 124.128
510 125.154
520 126.148
530 127.113
540 128.048
550 128.954
560 129.834
570 130.686
580 131.513
590 132.314
600 133.091
610 133.845
620 134.575
630 135.284
640 135.971
650 136.637
660 137.282
670 137.909
680 138.516
690 139.104
700 139.675
710 140.229
720 140.765
730 141.286
740 141.79
750 142.28
760 142.754
770 143.214
780 143.66
790 144.092
800 144.512
810 144.918
820 145.313
830 145.695
840 146.065
850 146.425
860 146.773
870 147.111
880 147.439
890 147.756
900 148.064
910 148.363
920 148.653
930 148.933
940 149.206
950 149.47
960 149.726
970 149.974
980 150.214
990 150.448
1000 150.674
1010 150.893
1020 151.106
1030 151.312
1040 151.512
1050 151.706
1060 151.894
1070 152.077
1080 152.253
1090 152.425
1100 152.591
1110 152.752
1120 152.908
1130 153.06
1140 153.207
1150 153.349
1160 153.485
1170 153.611
1180 153.714
1190 153.774
1200 153.759
1210 153.63
1220 153.343
1230 152.853
1240 152.122
1250 151.125
1260 149.848
1270 148.295
1280 146.481
1290 144.429
1300 142.17
1310 139.736
1320 137.159
1330 134.47
1340 131.694
1350 128.857
1360 125.98
1370 123.081
1380 120.174
1390 117.273
1400 114.388
1410 111.527
1420 108.698
1430 105.907
1440 103.157
1450 100.454
1460 97.7993
1470 95.1955
1480 92.6444
1490 90.1471
1500 87.7044
1510 85.3168
1520 82.9845
1530 80.7075
1540 78.4855
1550 76.3182
1560 74.2049
1570 72.1452
1580 70.1383
1590 68.1833
1600 66.2795
1610 64.4259
1620 62.6216
1630 60.8656
1640 59.1569
1650 57.4946
1660 55.8776
1670 54.3049
1680 52.7755
1690 51.2883
1700 49.8424
1710 48.4368
1720 47.0704
1730 45.7423
1740 44.4516
1750 43.1972
1760 41.9782
1770 40.7937
1780 39.6428
1790 38.5246
1800 37.4383
1810 36.383
1820 35.3578
1830 34.3619
1840 33.3946
1850 32.455
1860 31.5425
1870 30.6562
1880 29.7954
1890 28.9594
1900 28.1475
1910 27.3591
1920 26.5935
1930 25.8501
1940 25.1282
1950 24.4272
1960 23.7465
1970 23.0856
1980 22.4439
1990 21.8208
2000 21.2159
2010 20.6285
2020 20.0583
2030 19.5047
2040 18.9672
2050 18.4453
2060 17.9387
2070 17.4469
2080 16.9694
2090 16.5058
2100 16.0558
2110 15.619
2120 15.1949
2130 14.7838
2140 14.3875
2150 14.0075
2160 13.6451
2170 13.3016
2180 12.9779
2190 12.6748
2200 12.3931
2210 12.1331
2220 11.8953
2230 11.6799
2240 11.487
2250 11.3166
2260 11.1687
2270 11.0432
2280 10.9397
2290 10.8581
2300 10.7979
2310 10.7589
2320 10.7406
2330 10.7425
2340 10.7643
2350 10.8054
2360 10.8656
2370 10.9445
2380 11.0418
2390 11.1573
2400 11.291
2410 11.4428
2420 11.6129
2430 11.8013
2440 12.0085
2450 12.2345
2460 12.48
2470 12.7453
2480 13.0309
2490 13.3375
2500 13.6656
2510 14.0159
2520 14.389
2530 14.7857
2540 15.2067
2550 15.6528
2560 16.1248
2570 16.6235
2580 17.1496
2590 17.704
2600 18.2875
2610 18.9008
2620 19.5447
2630 20.2201
2640 20.9276
2650 21.6679
2660 22.4417
2670 23.2497
2680 24.0922
2690 24.97
2700 25.8833
2710 26.8325
2720 27.818
2730 28.8398
2740 29.8982
2750 30.993
2760 32.1241
2770 33.2914
2780 34.4945
2790 35.7329
2800 37.0061
2810 38.3133
2820 39.6537
2830 41.0265
2840 42.4305
2850 43.8647
2860 45.3277
2870 46.8181
2880 48.3345
2890 49.8754
2900 51.439
2910 53.0237
2920 54.6277
2930 56.2492
2940 57.8863
2950 59.5371
2960 61.1996
2970 62.8719
2980 64.5521
2990 66.2382
3000 67.9284
3010 69.6206
3020 71.3131
3030 73.0039
3040 74.6914
3050 76.3738
3060 78.0495
3070 79.7168
3080 81.3742
3090 83.0203
3100 84.6536
3110 86.273
3120 87.8771
3130 89.4647
3140 91.035
3150 92.5867
3160 94.1191
3170 95.6313
3180 97.1226
3190 98.5923
3200 100.04
3210 101.464
3220 102.866
3230 104.244
3240 105.597
3250 106.927
3260 108.232
3270 109.512
3280 110.768
3290 111.998
3300 113.204
3310 114.384
3320 115.54
3330 116.671
3340 117.777
3350 118.858
3360 119.914
3370 120.947
3380 121.955
3390 122.939
3400 123.9
3410 124.837
3420 125.751
3430 126.643
3440 127.512
3450 128.36
3460 129.185
3470 129.99
3480 130.773
3490 131.536
3500 132.279
3510 133.002
3520 133.706
3530 134.391
3540 135.057
3550 135.706
3560 136.336
3570 136.949
3580 137.546
3590 138.125
3600 138.689
3610 139.237
3620 139.769
3630 140.286
3640 140.788
3650 141.276
3660 141.75
3670 142.211
3680 142.658
3690 143.091
3700 143.513
3710 143.921
3720 144.318
3730 144.702
3740 145.075
3750 145.436
3760 145.787
3770 146.126
3780 146.455
3790 146.774
3800 147.082
3810 147.38
3820 147.668
3830 147.946
3840 148.215
3850 148.474
3860 148.723
3870 148.963
3880 149.194
3890 149.416
3900 149.628
3910 149.831
3920 150.024
3930 150.207
3940 150.381
3950 150.545
3960 150.698
3970 150.841
3980 150.973
3990 151.094
4000 151.203
4010 151.299
4020 151.383
4030 151.453
4040 151.508
4050 151.548
4060 151.571
4070 151.578
4080 151.566
4090 151.534
4100 151.481
4110 151.406
4120 151.307
4130 151.183
4140 151.032
4150 150.852
4160 150.642
4170 150.399
4180 150.123
4190 149.81
4200 149.461
4210 149.071
4220 148.641
4230 148.168
4240 147.65
4250 147.087
4260 146.476
4270 145.817
4280 145.109
4290 144.35
4300 143.54
4310 142.679
4320 141.766
4330 140.802
4340 139.787
4350 138.72
4360 137.604
4370 136.439
4380 135.225
4390 133.966
4400 132.661
4410 131.313
4420 129.924
4430 128.496
4440 127.031
4450 125.531
4460 123.999
4470 122.438
4480 120.849
4490 119.235
4500 117.599
4510 115.943
4520 114.271
4530 112.583
4540 110.883
4550 109.174
4560 107.456
4570 105.734
4580 104.008
4590 102.281
4600 100.555
4610 98.8312
4620 97.1122
4630 95.3994
4640 93.6944
4650 91.9986
4660 90.3135
4670 88.6404
4680 86.9804
4690 85.3348
4700 83.7046
4710 82.0906
4720 80.4938
4730 78.915
4740 77.3549
4750 75.8142
4760 74.2933
4770 72.7929
4780 71.3134
4790 69.8552
4800 68.4187
4810 67.0041
4820 65.6116
4830 64.2415
4840 62.894
4850 61.5691
4860 60.2669
4870 58.9875
4880 57.7308
4890 56.497
4900 55.2858
4910 54.0973
4920 52.9314
4930 51.788
4940 50.6668
4950 49.5679
4960 48.491
4970 47.4359
4980 46.4025
4990 45.3905
5000 44.3998
5010 43.4301
5020 42.4812
5030 41.5529
5040 40.6449
5050 39.757
5060 38.889
5070 38.0406
5080 37.2115
5090 36.4016
5100 35.6105
5110 34.8381
5120 34.084
5130 33.3481
5140 32.6301
5150 31.9298
5160 31.2469
5170 30.5812
5180 29.9325
5190 29.3005
5200 28.6852
5210 28.0862
5220 27.5033
5230 26.9365
5240 26.3855
5250 25.8501
5260 25.3301
5270 24.8255
5280 24.3361
5290 23.8617
5300 23.4022
5310 22.9576
5320 22.5277
5330 22.1124
5340 21.7116
5350 21.3254
5360 20.9535
5370 20.5961
5380 20.2531
5390 19.9245
5400 19.6102
5410 19.3103
5420 19.0249
5430 18.754
5440 18.4977
5450 18.256
5460 18.029
5470 17.817
5480 17.6199
5490 17.438
5500 17.2715
5510 17.1205
5520 16.9852
5530 16.8659
5540 16.7628
5550 16.6762
5560 16.6064
5570 16.5537
5580 16.5183
5590 16.5007
5600 16.5012
5610 16.5202
5620 16.5581
5630 16.6152
5640 16.6922
5650 16.7893
5660 16.9071
5670 17.046
5680 17.2066
5690 17.3894
5700 17.5949
5710 17.8236
5720 18.0761
5730 18.3529
5740 18.6547
5750 18.9819
5760 19.3351
5770 19.715
5780 20.122
5790 20.5567
5800 21.0197
5810 21.5114
5820 22.0325
5830 22.5832
5840 23.1643
5850 23.7759
5860 24.4186
5870 25.0927
5880 25.7984
5890 26.5362
5900 27.306
5910 28.1082
5920 28.9427
5930 29.8096
5940 30.7088
5950 31.6402
5960 32.6037
5970 33.5988
5980 34.6253
5990 35.6827
6000 36.7704
6010 37.8879
6020 39.0344
6030 40.2093
6040 41.4115
6050 42.6402
6060 43.8944
6070 45.173
6080 46.4748
6090 47.7987
6100 49.1434
6110 50.5075
6120 51.8898
6130 53.2889
6140 54.7033
6150 56.1317
6160 57.5725
6170 59.0244
6180 60.4858
6190 61.9554
6200 63.4317
6210 64.9133
6220 66.3988
6230 67.8868
6240 69.376
6250 70.865
6260 72.3526
6270 73.8376
6280 75.3187
6290 76.7949
6300 78.265
6310 79.7279
6320 81.1828
6330 82.6285
6340 84.0642
6350 85.4891
6360 86.9024
6370 88.3032
6380 89.6908
6390 91.0647
6400 92.4241
6410 93.7686
6420 95.0975
6430 96.4104
6440 97.7068
6450 98.9864
6460 100.249
6470 101.494
6480 102.72
6490 103.929
6500 105.12
6510 106.292
6520 107.445
6530 108.579
6540 109.695
6550 110.792
6560 111.869
6570 112.927
6580 113.967
6590 114.987
6600 115.988
6610 116.97
6620 117.933
6630 118.878
6640 119.803
6650 120.71
6660 121.599
6670 122.469
6680 123.321
6690 124.155
6700 124.97
6710 125.768
6720 126.549
6730 127.312
6740 128.058
6750 128.787
6760 129.499
6770 130.195
6780 130.874
6790 131.537
6800 132.184
6810 132.815
6820 133.431
6830 134.031
6840 134.616
6850 135.187
6860 135.742
6870 136.283
6880 136.809
6890 137.321
6900 137.819
6910 138.304
6920 138.774
6930 139.231
6940 139.674
6950 140.104
6960 140.521
6970 140.925
6980 141.315
6990 141.693
7000 142.057
7010 142.408
7020 142.747
7030 143.072
7040 143.384
7050 143.683
7060 143.969
7070 144.241
7080 144.499
7090 144.743
7100 144.973
7110 145.188
7120 145.389
7130 145.573
7140 145.741
7150 145.893
7160 146.027
7170 146.143
7180 146.24
7190 146.316
7200 146.372
7210 146.406
7220 146.416
7230 146.402
7240 146.362
7250 146.294
7260 146.197
7270 146.069
7280 145.909
7290 145.715
7300 145.485
7310 145.216
7320 144.908
7330 144.558
7340 144.165
7350 143.726
7360 143.24
7370 142.705
7380 142.119
7390 141.482
7400 140.791
7410 140.045
7420 139.245
7430 138.389
7440 137.476
7450 136.507
7460 135.482
7470 134.401
7480 133.265
7490 132.075
7500 130.832
7510 129.538
7520 128.195
7530 126.804
7540 125.368
7550 123.889
7560 122.37
7570 120.813
7580 119.222
7590 117.599
7600 115.947
7610 114.269
7620 112.568
7630 110.847
7640 109.11
7650 107.358
7660 105.595
7670 103.823
7680 102.046
7690 100.265
7700 98.4833
7710 96.7032
7720 94.9268
7730 93.1562
7740 91.3932
7750 89.6399
7760 87.8978
7770 86.1686
7780 84.4538
7790 82.7547
7800 81.0725
7810 79.4084
7820 77.7635
7830 76.1385
7840 74.5345
7850 72.9521
7860 71.392
7870 69.8547
7880 68.3408
7890 66.8506
7900 65.3846
7910 63.9431
7920 62.5261
7930 61.1341
7940 59.767
7950 58.4249
7960 57.1079
7970 55.816
7980 54.5492
7990 53.3073
8000 52.0903
8010 50.898
8020 49.7303
8030 48.587
8040 47.4679
8050 46.3727
8060 45.3012
8070 44.2532
8080 43.2284
8090 42.2265
8100 41.2472
8110 40.2903
8120 39.3553
8130 38.4421
8140 37.5503
8150 36.6795
8160 35.8294
8170 34.9998
8180 34.1903
8190 33.4006
8200 32.6302
8210 31.879
8220 31.1466
8230 30.4327
8240 29.7369
8250 29.0589
8260 28.3985
8270 27.7553
8280 27.129
8290 26.5193
8300 25.926
8310 25.3488
8320 24.7873
8330 24.2413
8340 23.7106
8350 23.1949
8360 22.6939
8370 22.2075
8380 21.7353
8390 21.2772
8400 20.8329
8410 20.4023
8420 19.9852
8430 19.5813
8440 19.1905
8450 18.8127
8460 18.4477
8470 18.0954
8480 17.7556
8490 17.4282
8500 17.1131
8510 16.8103
8520 16.5197
8530 16.2412
8540 15.9748
8550 15.7205
8560 15.4782
8570 15.248
8580 15.0299
8590 14.8239
8600 14.6301
8610 14.4486
8620 14.2795
8630 14.123
8640 13.9791
8650 13.8481
8660 13.7301
8670 13.6254
8680 13.5342
8690 13.4568
8700 13.3935
8710 13.3447
8720 13.3105
8730 13.2916
8740 13.2882
8750 13.3009
8760 13.33
8770 13.3761
8780 13.4397
8790 13.5215
8800 13.6219
8810 13.7416
8820 13.8814
8830 14.0417
8840 14.2235
8850 14.4274
8860 14.6541
8870 14.9045
8880 15.1794
8890 15.4797
8900 15.806
8910 16.1594
8920 16.5407
8930 16.9507
8940 17.3904
8950 17.8605
8960 18.362
8970 18.8957
8980 19.4623
8990 20.0627
9000 20.6976
9010 21.3678
9020 22.0738
9030 22.8162
9040 23.5957
9050 24.4125
9060 25.2671
9070 26.1597
9080 27.0906
9090 28.0598
9100 29.0672
9110 30.1128
9120 31.1961
9130 32.317
9140 33.4748
9150 34.6689
9160 35.8985
9170 37.1629
9180 38.4609
9190 39.7914
9200 41.1533
9210 42.5452
9220 43.9656
9230 45.4131
9240 46.886
9250 48.3826
9260 49.9012
9270 51.44
9280 52.9971
9290 54.5707
9300 56.1588
9310 57.7596
9320 59.3711
9330 60.9914
9340 62.6186
9350 64.2509
9360 65.8864
9370 67.5234
9380 69.16
9390 70.7947
9400 72.4257
9410 74.0516
9420 75.6708
9430 77.2819
9440 78.8835
9450 80.4744
9460 82.0532
9470 83.619
9480 85.1707
9490 86.7071
9500 88.2275
9510 89.731
9520 91.2168
9530 92.6842
9540 94.1325
9550 95.5612
9560 96.9698
9570 98.3578
9580 99.7248
9590 101.07
9600 102.395
9610 103.697
9620 104.977
9630 106.234
9640 107.47
9650 108.683
9660 109.873
9670 111.041
9680 112.187
9690 113.31
9700 114.41
9710 115.489
9720 116.545
9730 117.579
9740 118.592
9750 119.583
9760 120.552
9770 121.5
9780 122.427
9790 123.334
9800 124.22
9810 125.085
9820 125.931
9830 126.757
9840 127.564
9850 128.351
9860 129.12
9870 129.87
9880 130.601
9890 131.315
9900 132.011
9910 132.69
9920 133.352
9930 133.997
9940 134.626
9950 135.238
9960 135.834
9970 136.415
9980 136.981
9990 137.531
10000 138.067
10010 138.588
10020 139.095
10030 139.588
10040 140.067
10050 140.533
10060 140.986
10070 141.425
10080 141.851
10090 142.265
10100 142.667
10110 143.055
10120 143.432
10130 143.797
10140 144.15
10150 144.491
10160 144.82
10170 145.137
10180 145.443
10190 145.737
10200 146.02
10210 146.29
10220 146.549
10230 146.795
10240 147.029
10250 147.251
10260 147.46
10270 147.655
10280 147.837
10290 148.005
10300 148.158
10310 148.296
10320 148.417
10330 148.522
10340 148.608
10350 148.676
10360 148.723
10370 148.748
10380 148.751
10390 148.729
10400 148.681
10410 148.605
10420 148.5
10430 148.362
10440 148.191
10450 147.984
10460 147.738
10470 147.452
10480 147.123
10490 146.749
10500 146.327
10510 145.856
10520 145.333
10530 144.756
10540 144.123
10550 143.433
10560 142.684
10570 141.876
10580 141.007
10590 140.077
10600 139.085
10610 138.032
10620 136.918
10630 135.744
10640 134.512
10650 133.222
10660 131.877
10670 130.478
10680 129.028
10690 127.53
10700 125.986
10710 124.4
10720 122.774
10730 121.112
10740 119.417
10750 117.692
10760 115.942
10770 114.168
10780 112.375
10790 110.565
10800 108.742
10810 106.91
10820 105.07
10830 103.226
10840 101.38
10850 99.5351
10860 97.6939
10870 95.8585
10880 94.0309
10890 92.2134
10900 90.4076
10910 88.6154
10920 86.8383
10930 85.0777
10940 83.3351
10950 81.6117
10960 79.9084
10970 78.2264
10980 76.5665
10990 74.9295
11000 73.316
11010 71.7266
11020 70.1619
11030 68.6223
11040 67.1082
11050 65.6198
11060 64.1574
11070 62.7211
11080 61.3111
11090 59.9274
11100 58.5701
11110 57.2391
11120 55.9344
11130 54.6558
11140 53.4033
11150 52.1767
11160 50.9758
11170 49.8004
11180 48.6503
11190 47.5253
11200 46.425
11210 45.3492
11220 44.2976
11230 43.2699
11240 42.2658
11250 41.285
11260 40.3272
11270 39.3919
11280 38.479
11290 37.588
11300 36.7187
11310 35.8706
11320 35.0434
11330 34.2369
11340 33.4505
11350 32.6841
11360 31.9373
11370 31.2098
11380 30.5011
11390 29.8111
11400 29.1394
11410 28.4856
11420 27.8495
11430 27.2308
11440 26.6292
11450 26.0443
11460 25.476
11470 24.924
11480 24.3879
11490 23.8675
11500 23.3627
11510 22.8731
11520 22.3985
11530 21.9387
11540 21.4936
11550 21.0628
11560 20.6463
11570 20.2439
11580 19.8553
11590 19.4805
11600 19.1192
11610 18.7715
11620 18.4371
11630 18.116
11640 17.8081
11650 17.5133
11660 17.2316
11670 16.9629
11680 16.7072
11690 16.4646
11700 16.2349
11710 16.0183
11720 15.8148
11730 15.6245
11740 15.4474
11750 15.2837
11760 15.1336
11770 14.9971
11780 14.8744
11790 14.7658
11800 14.6715
11810 14.5917
11820 14.5267
11830 14.4768
11840 14.4423
11850 14.4237
11860 14.4212
11870 14.4353
11880 14.4664
11890 14.5151
11900 14.5817
11910 14.6668
11920 14.771
11930 14.8948
11940 15.0389
11950 15.2038
11960 15.3903
11970 15.599
11980 15.8306
11990 16.0858
12000 16.3654
12010 16.6701
12020 17.0007
12030 17.3579
12040 17.7426
12050 18.1556
12060 18.5976
12070 19.0693
12080 19.5717
12090 20.1054
12100 20.6712
12110 21.2698
12120 21.9018
12130 22.5679
12140 23.2686
12150 24.0046
12160 24.7763
12170 25.584
12180 26.4282
12190 27.3091
12200 28.2268
12210 29.1814
12220 30.173
12230 31.2014
12240 32.2663
12250 33.3675
12260 34.5044
12270 35.6766
12280 36.8834
12290 38.1239
12300 39.3972
12310 40.7025
12320 42.0384
12330 43.4039
12340 44.7975
12350 46.2179
12360 47.6636
12370 49.133
12380 50.6244
12390 52.1362
12400 53.6665
12410 55.2137
12420 56.7758
12430 58.3511
12440 59.9376
12450 61.5336
12460 63.1371
12470 64.7464
12480 66.3596
12490 67.975
12500 69.5908
12510 71.2053
12520 72.817
12530 74.4242
12540 76.0255
12550 77.6193
12560 79.2044
12570 80.7793
12580 82.343
12590 83.8941
12600 85.4317
12610 86.9547
12620 88.4622
12630 89.9533
12640 91.4272
12650 92.8832
12660 94.3207
12670 95.7389
12680 97.1374
12690 98.5157
12700 99.8734
12710 101.21
12720 102.526
12730 103.819
12740 105.092
12750 106.342
12760 107.57
12770 108.776
12780 109.959
12790 111.121
12800 112.26
12810 113.377
12820 114.472
12830 115.544
12840 116.595
12850 117.624
12860 118.632
12870 119.618
12880 120.582
12890 121.526
12900 122.449
12910 123.351
12920 124.233
12930 125.095
12940 125.937
12950 126.759
12960 127.562
12970 128.346
12980 129.112
12990 129.859
13000 130.587
13010 131.298
13020 131.992
13030 132.668
13040 133.327
13050 133.969
13060 134.595
13070 135.205
13080 135.799
13090 136.378
13100 136.941
13110 137.49
13120 138.024
13130 138.543
13140 139.048
13150 139.539
13160 140.016
13170 140.48
13180 140.931
13190 141.369
13200 141.794
13210 142.206
13220 142.606
13230 142.993
13240 143.368
13250 143.732
13260 144.083
13270 144.423
13280 144.751
13290 145.067
13300 145.372
13310 145.665
13320 145.947
13330 146.216
13340 146.474
13350 146.72
13360 146.954
13370 147.176
13380 147.385
13390 147.581
13400 147.764
13410 147.933
13420 148.088
13430 148.228
13440 148.352
13450 148.46
13460 148.551
13470 148.624
13480 148.678
13490 148.711
13500 148.723
13510 148.712
13520 148.677
13530 148.616
13540 148.527
13550 148.409
13560 148.259
13570 148.076
13580 147.858
13590 147.603
13600 147.308
13610 146.971
13620 146.591
13630 146.165
13640 145.69
13650 145.166
13660 144.59
13670 143.961
13680 143.277
13690 142.537
13700 141.739
13710 140.884
13720 139.97
13730 138.997
13740 137.966
13750 136.876
13760 135.728
13770 134.525
13780 133.266
13790 131.953
13800 130.589
13810 129.175
13820 127.715
13830 126.209
13840 124.662
13850 123.076
13860 121.454
13870 119.799
13880 118.114
13890 116.403
13900 114.668
13910 112.913
13920 111.141
13930 109.354
13940 107.557
13950 105.75
13960 103.938
13970 102.123
13980 100.307
13990 98.4936
14000 96.684
14010 94.8805
14020 93.0853
14030 91.3002
14040 89.527
14050 87.7672
14060 86.0223
14070 84.2938
14080 82.5828
14090 80.8905
14100 79.2179
14110 77.566
14120 75.9356
14130 74.3273
14140 72.7419
14150 71.18
14160 69.6419
14170 68.1282
14180 66.6391
14190 65.175
14200 63.736
14210 62.3224
14220 60.9343
14230 59.5716
14240 58.2346
14250 56.9231
14260 55.637
14270 54.3764
14280 53.141
14290 51.9308
14300 50.7456
14310 49.5852
14320 48.4494
14330 47.3379
14340 46.2505
14350 45.187
14360 44.147
14370 43.1303
14380 42.1366
14390 41.1656
14400 40.217
14410 39.2905
14420 38.3857
14430 37.5023
14440 36.6401
14450 35.7986
14460 34.9775
14470 34.1766
14480 33.3955
14490 32.6339
14500 31.8915
14510 31.1678
14520 30.4628
14530 29.7759
14540 29.1069
14550 28.4556
14560 27.8216
14570 27.2046
14580 26.6043
14590 26.0205
14600 25.4529
14610 24.9013
14620 24.3654
14630 23.8449
14640 23.3396
14650 22.8492
14660 22.3737
14670 21.9127
14680 21.466
14690 21.0336
14700 20.6151
14710 20.2104
14720 19.8194
14730 19.4419
14740 19.0778
14750 18.727
14760 18.3893
14770 18.0647
14780 17.7531
14790 17.4544
14800 17.1686
14810 16.8957
14820 16.6355
14830 16.3882
14840 16.1538
14850 15.9322
14860 15.7236
14870 15.5279
14880 15.3454
14890 15.1761
14900 15.0201
14910 14.8777
14920 14.7489
14930 14.634
14940 14.5332
14950 14.4468
14960 14.3751
14970 14.3182
14980 14.2767
14990 14.2507
15000 14.2408
15010 14.2473
15020 14.2706
15030 14.3112
15040 14.3697
15050 14.4464
15060 14.542
15070 14.6571
15080 14.7922
15090 14.948
15100 15.1251
15110 15.3242
15120 15.546
15130 15.7912
15140 16.0606
15150 16.3548
15160 16.6747
15170 17.0211
15180 17.3947
15190 17.7963
15200 18.2267
15210 18.6867
15220 19.1771
15230 19.6986
15240 20.2519
15250 20.8379
15260 21.457
15270 22.1101
15280 22.7976
15290 23.5202
15300 24.2783
15310 25.0723
15320 25.9025
15330 26.7694
15340 27.6729
15350 28.6133
15360 29.5905
15370 30.6044
15380 31.6548
15390 32.7414
15400 33.8638
15410 35.0214
15420 36.2135
15430 37.4395
15440 38.6984
15450 39.9892
15460 41.3108
15470 42.662
15480 44.0416
15490 45.4481
15500 46.8801
15510 48.336
15520 49.8142
15530 51.313
15540 52.8307
15550 54.3656
15560 55.9158
15570 57.4795
15580 59.055
15590 60.6403
15600 62.2336
15610 63.8333
15620 65.4373
15630 67.0441
15640 68.652
15650 70.2592
15660 71.8641
15670 73.4653
15680 75.0611
15690 76.6502
15700 78.2313
15710 79.8029
15720 81.3639
15730 82.9132
15740 84.4496
15750 85.9721
15760 87.4799
15770 88.9719
15780 90.4474
15790 91.9057
15800 93.346
15810 94.7678
15820 96.1705
15830 97.5536
15840 98.9167
15850 100.259
15860 101.581
15870 102.882
15880 104.162
15890 105.42
15900 106.656
15910 107.871
15920 109.063
15930 110.234
15940 111.383
15950 112.51
15960 113.615
15970 114.699
15980 115.76
15990 116.801
16000 117.819
16010 118.817
16020 119.793
16030 120.748
16040 121.683
16050 122.597
16060 123.491
16070 124.365
16080 125.218
16090 126.053
16100 126.868
16110 127.664
16120 128.441
16130 129.2
16140 129.941
16150 130.664
16160 131.369
16170 132.056
16180 132.727
16190 133.381
16200 134.018
16210 134.64
16220 135.245
16230 135.834
16240 136.409
16250 136.968
16260 137.512
16270 138.042
16280 138.557
16290 139.058
16300 139.545
16310 140.019
16320 140.479
16330 140.926
16340 141.36
16350 141.781
16360 142.19
16370 142.586
16380 142.969
16390 143.341
16400 143.7
16410 144.048
16420 144.383
16430 144.707
16440 145.019
16450 145.319
16460 145.607
16470 145.883
16480 146.147
16490 146.399
16500 146.638
16510 146.865
16520 147.08
16530 147.28
16540 147.468
16550 147.641
16560 147.8
16570 147.943
16580 148.071
16590 148.182
16600 148.275
16610 148.35
16620 148.405
16630 148.439
16640 148.452
16650 148.441
16660 148.404
16670 148.342
16680 148.251
16690 148.129
16700 147.976
16710 147.789
16720 147.565
16730 147.303
16740 147.001
16750 146.656
16760 146.266
16770 145.829
16780 145.343
16790 144.806
16800 144.216
16810 143.572
16820 142.872
16830 142.114
16840 141.299
16850 140.424
16860 139.49
16870 138.496
16880 137.443
16890 136.33
16900 135.16
16910 133.933
16920 132.651
16930 131.315
16940 129.927
16950 128.49
16960 127.006
16970 125.477
16980 123.908
16990 122.3
17000 120.657
17010 118.981
17020 117.277
17030 115.547
17040 113.795
17050 112.023
17060 110.235
17070 108.434
17080 106.623
17090 104.805
17100 102.982
17110 101.157
17120 99.3331
17130 97.512
17140 95.6961
17150 93.8875
17160 92.0883
17170 90.3002
17180 88.525
17190 86.7642
17200 85.0193
17210 83.2917
17220 81.5824
17230 79.8927
17240 78.2235
17250 76.5757
17260 74.95
17270 73.3472
17280 71.7679
17290 70.2126
17300 68.6818
17310 67.1758
17320 65.6949
17330 64.2395
17340 62.8096
17350 61.4054
17360 60.027
17370 58.6745
17380 57.3478
17390 56.0469
17400 54.7717
17410 53.5221
17420 52.298
17430 51.0992
17440 49.9256
17450 48.7768
17460 47.6528
17470 46.5531
17480 45.4777
17490 44.4261
17500 43.3982
17510 42.3935
17520 41.4119
17530 40.453
17540 39.5164
17550 38.6019
17560 37.709
17570 36.8376
17580 35.9873
17590 35.1576
17600 34.3484
17610 33.5592
17620 32.7897
17630 32.0397
17640 31.3087
17650 30.5964
17660 29.9026
17670 29.2269
17680 28.569
17690 27.9287
17700 27.3055
17710 26.6993
17720 26.1097
17730 25.5365
17740 24.9793
17750 24.438
17760 23.9123
17770 23.4019
17780 22.9065
17790 22.4261
17800 21.9603
17810 21.509
17820 21.0718
17830 20.6488
17840 20.2396
17850 19.8442
17860 19.4623
17870 19.0938
17880 18.7386
17890 18.3966
17900 18.0677
17910 17.7517
17920 17.4487
17930 17.1585
17940 16.8811
17950 16.6164
17960 16.3646
17970 16.1255
17980 15.8992
17990 15.6858
18000 15.4852
18010 15.2976
18020 15.1231
18030 14.9618
18040 14.8139
18050 14.6794
18060 14.5587
18070 14.4519
18080 14.3592
18090 14.2809
18100 14.2174
18110 14.1689
18120 14.1357
18130 14.1183
18140 14.117
18150 14.1322
18160 14.1645
18170 14.2142
18180 14.282
18190 14.3683
18200 14.4737
18210 14.5987
18220 14.7442
18230 14.9105
18240 15.0985
18250 15.3089
18260 15.5423
18270 15.7995
18280 16.0812
18290 16.3883
18300 16.7215
18310 17.0815
18320 17.4693
18330 17.8856
18340 18.3312
18350 18.807
18360 19.3136
18370 19.8518
18380 20.4225
18390 21.0263
18400 21.6639
18410 22.3359
18420 23.0429
18430 23.7855
18440 24.564
18450 25.379
18460 26.2308
18470 27.1195
18480 28.0453
18490 29.0083
18500 30.0085
18510 31.0456
18520 32.1195
18530 33.2297
18540 34.3758
18550 35.5572
18560 36.7731
18570 38.0227
18580 39.3051
18590 40.6192
18600 41.9639
18610 43.3379
18620 44.7397
18630 46.1681
18640 47.6214
18650 49.098
18660 50.5962
18670 52.1144
18680 53.6507
18690 55.2033
18700 56.7704
18710 58.3502
18720 59.9408
18730 61.5403
18740 63.1468
18750 64.7587
18760 66.374
18770 67.991
18780 69.608
18790 71.2234
18800 72.8355
18810 74.4428
18820 76.0438
18830 77.6372
18840 79.2214
18850 80.7953
18860 82.3577
18870 83.9075
18880 85.4434
18890 86.9647
18900 88.4704
18910 89.9596
18920 91.4315
18930 92.8854
18940 94.3208
18950 95.7369
18960 97.1333
18970 98.5096
18980 99.8653
18990 101.2
19000 102.513
19010 103.805
19020 105.076
19030 106.324
19040 107.55
19050 108.755
19060 109.937
19070 111.097
19080 112.235
19090 113.35
19100 114.444
19110 115.515
19120 116.565
19130 117.593
19140 118.6
19150 119.585
19160 120.549
19170 121.492
19180 122.414
19190 123.316
19200 124.198
19210 125.059
19220 125.901
19230 126.723
19240 127.526
19250 128.31
19260 129.075
19270 129.822
19280 130.551
19290 131.261
19300 131.955
19310 132.631
19320 133.29
19330 133.933
19340 134.559
19350 135.169
19360 135.764
19370 136.343
19380 136.906
19390 137.455
19400 137.989
19410 138.509
19420 139.014
19430 139.505
19440 139.983
19450 140.447
19460 140.898
19470 141.336
19480 141.761
19490 142.173
19500 142.573
19510 142.961
19520 143.336
19530 143.7
19540 144.051
19550 144.391
19560 144.719
19570 145.035
19580 145.339
19590 145.632
19600 145.912
19610 146.181
19620 146.439
19630 146.684
19640 146.916
19650 147.136
19660 147.344
19670 147.538
19680 147.719
19690 147.885
19700 148.037
19710 148.173
19720 148.294
19730 148.398
19740 148.484
19750 148.551
19760 148.599
19770 148.625
19780 148.629
19790 148.61
19800 148.564
19810 148.492
19820 148.391
19830 148.26
19840 148.095
19850 147.896
19860 147.661
19870 147.386
19880 147.07
19890 146.711
19900 146.307
19910 145.854
19920 145.352
19930 144.799
19940 144.192
19950 143.53
19960 142.812
19970 142.036
19980 141.201
19990 140.308
20000 139.355
20010 138.342
20020 137.27
20030 136.139
20040 134.95
20050 133.706
20060 132.406
20070 131.053
20080 129.649
20090 128.196
20100 126.698
20110 125.156
20120 123.573
20130 121.954
20140 120.3
20150 118.614
20160 116.901
20170 115.164
20180 113.405
20190 111.627
20200 109.835
20210 108.03
20220 106.216
20230 104.395
20240 102.571
20250 100.746
20260 98.9219
20270 97.1016
20280 95.2872
20290 93.4808
20300 91.6843
20310 89.8995
20320 88.128
20330 86.3713
20340 84.631
20350 82.9082
20360 81.2041
20370 79.5199
20380 77.8564
20390 76.2145
20400 74.595
20410 72.9986
20420 71.4257
20430 69.877
20440 68.3528
20450 66.8535
20460 65.3794
20470 63.9308
20480 62.5077
20490 61.1104
20500 59.7389
20510 58.3931
20520 57.0732
20530 55.7791
20540 54.5106
20550 53.2677
20560 52.0502
20570 50.8579
20580 49.6907
20590 48.5484
20600 47.4306
20610 46.3372
20620 45.2678
20630 44.2223
20640 43.2003
20650 42.2015
20660 41.2256
20670 40.2723
20680 39.3412
20690 38.4322
20700 37.5447
20710 36.6786
20720 35.8334
20730 35.0088
20740 34.2046
20750 33.4203
20760 32.6557
20770 31.9103
20780 31.184
20790 30.4763
20800 29.787
20810 29.1157
20820 28.4622
20830 27.8261
20840 27.2072
20850 26.6051
20860 26.0196
20870 25.4505
20880 24.8973
20890 24.36
20900 23.8381
20910 23.3316
20920 22.8401
20930 22.3635
20940 21.9015
20950 21.4539
20960 21.0205
20970 20.6012
20980 20.1957
20990 19.804
21000 19.4258
21010 19.0611
21020 18.7096
21030 18.3714
21040 18.0462
21050 17.7341
21060 17.4349
21070 17.1486
21080 16.8752
21090 16.6146
21100 16.3668
21110 16.1318
21120 15.9098
21130 15.7006
21140 15.5045
21150 15.3214
21160 15.1515
21170 14.9949
21180 14.8519
21190 14.7224
21200 14.6068
21210 14.5053
21220 14.4181
21230 14.3455
21240 14.2877
21250 14.2452
21260 14.2182
21270 14.2072
21280 14.2126
21290 14.2347
21300 14.274
21310 14.3311
21320 14.4065
21330 14.5006
21340 14.6141
21350 14.7476
21360 14.9017
21370 15.077
21380 15.2743
21390 15.4942
21400 15.7374
21410 16.0048
21420 16.297
21430 16.6148
21440 16.959
21450 17.3304
21460 17.7297
21470 18.1579
21480 18.6157
21490 19.1038
21500 19.623
21510 20.1741
21520 20.7578
21530 21.3748
21540 22.0257
21550 22.7112
21560 23.4318
21570 24.1881
21580 24.9803
21590 25.809
21600 26.6744
21610 27.5766
21620 28.5159
21630 29.4922
21640 30.5054
21650 31.5553
21660 32.6417
21670 33.7641
21680 34.922
21690 36.1148
21700 37.3416
21710 38.6016
21720 39.8939
21730 41.2173
21740 42.5706
21750 43.9526
21760 45.3618
21770 46.7969
21780 48.2561
21790 49.7379
21800 51.2407
21810 52.7626
21820 54.3019
21830 55.8568
21840 57.4254
21850 59.0059
21860 60.5965
21870 62.1954
21880 63.8006
21890 65.4104
21900 67.023
21910 68.6367
21920 70.2498
21930 71.8607
21940 73.4677
21950 75.0695
21960 76.6645
21970 78.2513
21980 79.8287
21990 81.3954
22000 82.9501
22010 84.4919
22020 86.0197
22030 87.5324
22040 89.0294
22050 90.5096
22060 91.9724
22070 93.4171
22080 94.843
22090 96.2497
22100 97.6365
22110 99.0031
22120 100.349
22130 101.674
22140 102.978
22150 104.26
22160 105.521
22170 106.759
22180 107.976
22190 109.171
22200 110.344
22210 111.494
22220 112.623
22230 113.729
22240 114.814
22250 115.876
22260 116.917
22270 117.937
22280 118.935
22290 119.911
22300 120.867
22310 121.802
22320 122.716
22330 123.61
22340 124.483
22350 125.337
22360 126.171
22370 126.986
22380 127.781
22390 128.558
22400 129.316
22410 130.057
22420 130.779
22430 131.483
22440 132.17
22450 132.84
22460 133.493
22470 134.129
22480 134.75
22490 135.354
22500 135.943
22510 136.516
22520 137.074
22530 137.617
22540 138.146
22550 138.66
22560 139.161
22570 139.647
22580 140.12
22590 140.579
22600 141.025
22610 141.459
22620 141.879
22630 142.287
22640 142.682
22650 143.065
22660 143.436
22670 143.795
22680 144.142
22690 144.477
22700 144.801
22710 145.112
22720 145.412
22730 145.7
22740 145.977
22750 146.241
22760 146.493
22770 146.734
22780 146.961
22790 147.176
22800 147.379
22810 147.567
22820 147.742
22830 147.903
22840 148.048
22850 148.178
22860 148.292
22870 148.388
22880 148.466
22890 148.525
22900 148.564
22910 148.581
22920 148.575
22930 148.545
22940 148.489
22950 148.404
22960 148.291
22970 148.145
22980 147.967
22990 147.753
23000 147.501
23010 147.209
23020 146.876
23030 146.498
23040 146.074
23050 145.602
23060 145.079
23070 144.504
23080 143.875
23090 143.191
23100 142.449
23110 141.65
23120 140.792
23130 139.875
23140 138.899
23150 137.863
23160 136.768
23170 135.615
23180 134.404
23190 133.138
23200 131.818
23210 130.446
23220 129.024
23230 127.554
23240 126.039
23250 124.483
23260 122.887
23270 121.255
23280 119.59
23290 117.895
23300 116.173
23310 114.429
23320 112.664
23330 110.882
23340 109.085
23350 107.278
23360 105.463
23370 103.642
23380 101.819
23390 99.9957
23400 98.1745
23410 96.3578
23420 94.5478
23430 92.7465
23440 90.9558
23450 89.1773
23460 87.4127
23470 85.6636
23480 83.9312
23490 82.2167
23500 80.5214
23510 78.8463
23520 77.1922
23530 75.56
23540 73.9503
23550 72.3639
23560 70.8013
23570 69.2629
23580 67.7492
23590 66.2605
23600 64.797
23610 63.359
23620 61.9466
23630 60.56
23640 59.1991
23650 57.8639
23660 56.5546
23670 55.271
23680 54.0129
23690 52.7803
23700 51.5731
23710 50.391
23720 49.2338
23730 48.1014
23740 46.9934
23750 45.9097
23760 44.8499
23770 43.8138
23780 42.801
23790 41.8114
23800 40.8445
23810 39.9001
23820 38.9778
23830 38.0773
23840 37.1982
23850 36.3404
23860 35.5033
23870 34.6867
23880 33.8903
23890 33.1137
23900 32.3566
23910 31.6187
23920 30.8996
23930 30.1991
23940 29.5168
23950 28.8524
23960 28.2056
23970 27.5761
23980 26.9636
23990 26.3679
24000 25.7886
24010 25.2255
24020 24.6784
24030 24.1469
24040 23.6308
24050 23.1299
24060 22.644
24070 22.1728
24080 21.7161
24090 21.2738
24100 20.8456
24110 20.4313
24120 20.0309
24130 19.644
24140 19.2707
24150 18.9107
24160 18.564
24170 18.2304
24180 17.9098
24190 17.6022
24200 17.3075
24210 17.0257
24220 16.7566
24230 16.5004
24240 16.257
24250 16.0264
24260 15.8087
24270 15.6038
24280 15.412
24290 15.2333
24300 15.0678
24310 14.9156
24320 14.7769
24330 14.6519
24340 14.5408
24350 14.4438
24360 14.3612
24370 14.2933
24380 14.2403
24390 14.2027
24400 14.1807
24410 14.1747
24420 14.1853
24430 14.2127
24440 14.2575
24450 14.3202
24460 14.4013
24470 14.5014
24480 14.6211
24490 14.7609
24500 14.9215
24510 15.1035
24520 15.3077
24530 15.5348
24540 15.7854
24550 16.0604
24560 16.3605
24570 16.6864
24580 17.039
24590 17.4191
24600 17.8274
24610 18.2648
24620 18.732
24630 19.2298
24640 19.759
24650 20.3204
24660 20.9146
24670 21.5423
24680 22.2042
24690 22.9009
24700 23.6329
24710 24.4006
24720 25.2046
24730 26.0451
24740 26.9224
24750 27.8367
24760 28.7881
24770 29.7765
24780 30.8018
24790 31.8637
24800 32.9621
24810 34.0963
24820 35.2658
24830 36.47
24840 37.708
24850 38.979
24860 40.2818
24870 41.6155
24880 42.9787
24890 44.3701
24900 45.7883
24910 47.2318
24920 48.6991
24930 50.1884
24940 51.698
24950 53.2263
24960 54.7713
24970 56.3314
24980 57.9046
24990 59.4891
25000 61.0831
25010 62.6847
25020 64.2921
25030 65.9035
25040 67.5171
25050 69.1313
25060 70.7444
25070 72.3547
25080 73.9607
25090 75.5609
25100 77.1538
25110 78.7382
25120 80.3127
25130 81.8761
25140 83.4272
25150 84.965
25160 86.4884
25170 87.9966
25180 89.4886
25190 90.9637
25200 92.4211
25210 93.8602
25220 95.2804
25230 96.6811
25240 98.0618
25250 99.4222
25260 100.762
25270 102.08
25280 103.378
25290 104.653
25300 105.907
25310 107.139
25320 108.349
25330 109.537
25340 110.703
25350 111.847
25360 112.968
25370 114.068
25380 115.146
25390 116.202
25400 117.236
25410 118.249
25420 119.24
25430 120.211
25440 121.16
25450 122.088
25460 122.996
25470 123.884
25480 124.751
25490 125.599
25500 126.427
25510 127.236
25520 128.025
25530 128.796
25540 129.549
25550 130.283
25560 131
25570 131.699
25580 132.381
25590 133.045
25600 133.693
25610 134.325
25620 134.94
25630 135.54
25640 136.124
25650 136.692
25660 137.246
25670 137.784
25680 138.309
25690 138.819
25700 139.315
25710 139.797
25720 140.265
25730 140.721
25740 141.163
25750 141.592
25760 142.008
25770 142.412
25780 142.804
25790 143.183
25800 143.551
25810 143.906
25820 144.249
25830 144.581
25840 144.9
25850 145.208
25860 145.505
25870 145.789
25880 146.062
25890 146.322
25900 146.571
25910 146.807
25920 147.031
25930 147.242
25940 147.44
25950 147.624
25960 147.794
25970 147.95
25980 148.091
25990 148.216
26000 148.324
26010 148.415
26020 148.487
26030 148.539
26040 148.571
26050 148.581
26060 148.567
26070 148.528
26080 148.463
26090 148.369
26100 148.245
26110 148.089
26120 147.898
26130 147.672
26140 147.407
26150 147.101
26160 146.753
26170 146.359
26180 145.919
26190 145.429
26200 144.889
26210 144.295
26220 143.647
26230 142.943
26240 142.181
26250 141.362
26260 140.483
26270 139.545
26280 138.547
26290 137.49
26300 136.374
26310 135.2
26320 133.97
26330 132.684
26340 131.344
26350 129.954
26360 128.514
26370 127.027
26380 125.496
26390 123.924
26400 122.314
26410 120.669
26420 118.993
26430 117.287
26440 115.556
26450 113.803
26460 112.03
26470 110.242
26480 108.441
26490 106.63
26500 104.811
26510 102.988
26520 101.164
26530 99.3401
26540 97.5194
26550 95.7041
26560 93.8962
26570 92.0977
26580 90.3104
26590 88.5361
26600 86.7762
26610 85.0322
26620 83.3055
26630 81.5972
26640 79.9085
26650 78.2403
26660 76.5934
26670 74.9688
26680 73.367
26690 71.7886
26700 70.2343
26710 68.7044
26720 67.1993
26730 65.7193
26740 64.2647
26750 62.8356
26760 61.4323
26770 60.0546
26780 58.7028
26790 57.3768
26800 56.0766
26810 54.8021
26820 53.5531
26830 52.3296
26840 51.1313
26850 49.9582
26860 48.8099
26870 47.6863
26880 46.5871
26890 45.512
26900 44.4608
26910 43.4332
26920 42.4289
26930 41.4475
26940 40.4888
26950 39.5525
26960 38.6382
26970 37.7455
26980 36.8743
26990 36.0241
27000 35.1946
27010 34.3854
27020 33.5964
27030 32.827
27040 32.077
27050 31.3461
27060 30.6339
27070 29.9401
27080 29.2645
27090 28.6067
27100 27.9663
27110 27.3432
27120 26.737
27130 26.1475
27140 25.5743
27150 25.0172
27160 24.4759
27170 23.9502
27180 23.4399
27190 22.9446
27200 22.4643
27210 21.9986
27220 21.5474
27230 21.1104
27240 20.6875
27250 20.2785
27260 19.8832
27270 19.5015
27280 19.1333
27290 18.7784
27300 18.4366
27310 18.108
27320 17.7924
27330 17.4897
27340 17.2
27350 16.923
27360 16.6589
27370 16.4076
27380 16.1691
27390 15.9434
27400 15.7307
27410 15.5308
27420 15.344
27430 15.1704
27440 15.0099
27450 14.8629
27460 14.7295
27470 14.6098
27480 14.5042
27490 14.4127
27500 14.3357
27510 14.2735
27520 14.2264
27530 14.1947
27540 14.1789
27550 14.1792
27560 14.1962
27570 14.2303
27580 14.2819
27590 14.3517
27600 14.44
27610 14.5476
27620 14.6749
27630 14.8226
27640 14.9914
27650 15.1819
27660 15.3948
27670 15.6308
27680 15.8907
27690 16.1752
27700 16.4852
27710 16.8213
27720 17.1843
27730 17.5751
27740 17.9945
27750 18.4433
27760 18.9221
27770 19.4319
27780 19.9734
27790 20.5473
27800 21.1543
27810 21.7951
27820 22.4703
27830 23.1805
27840 23.9262
27850 24.7079
27860 25.5259
27870 26.3805
27880 27.2721
27890 28.2006
27900 29.1663
27910 30.1689
27920 31.2084
27930 32.2845
27940 33.3967
27950 34.5447
27960 35.7277
27970 36.9452
27980 38.1961
27990 39.4796
28000 40.7946
28010 42.1399
28020 43.5143
28030 44.9164
28040 46.3448
28050 47.7978
28060 49.274
28070 50.7716
28080 52.2888
28090 53.824
28100 55.3754
28110 56.941
28120 58.5191
28130 60.1078
28140 61.7052
28150 63.3096
28160 64.9191
28170 66.5319
28180 68.1463
28190 69.7605
28200 71.373
28210 72.9822
28220 74.5864
28230 76.1843
28240 77.7745
28250 79.3555
28260 80.9261
28270 82.4852
28280 84.0315
28290 85.5642
28300 87.0821
28310 88.5844
28320 90.0702
28330 91.5388
28340 92.9894
28350 94.4215
28360 95.8344
28370 97.2276
28380 98.6007
28390 99.9532
28400 101.285
28410 102.595
28420 103.884
28430 105.152
28440 106.397
28450 107.621
28460 108.822
28470 110.002
28480 111.159
28490 112.294
28500 113.408
28510 114.499
28520 115.568
28530 116.616
28540 117.642
28550 118.646
28560 119.629
28570 120.591
28580 121.532
28590 122.453
28600 123.353
28610 124.232
28620 125.092
28630 125.932
28640 126.752
28650 127.554
28660 128.336
28670 129.1
28680 129.845
28690 130.573
28700 131.282
28710 131.975
28720 132.649
28730 133.308
28740 133.949
28750 134.574
28760 135.183
28770 135.776
28780 136.354
28790 136.917
28800 137.465
28810 137.998
28820 138.516
28830 139.02
28840 139.511
28850 139.988
28860 140.451
28870 140.901
28880 141.338
28890 141.762
28900 142.174
28910 142.573
28920 142.96
28930 143.334
28940 143.697
28950 144.047
28960 144.386
28970 144.713
28980 145.028
28990 145.331
29000 145.623
29010 145.903
29020 146.171
29030 146.427
29040 146.671
29050 146.902
29060 147.121
29070 147.327
29080 147.52
29090 147.699
29100 147.864
29110 148.014
29120 148.149
29130 148.267
29140 148.369
29150 148.453
29160 148.518
29170 148.563
29180 148.586
29190 148.587
29200 148.565
29210 148.516
29220 148.44
29230 148.336
29240 148.2
29250 148.031
29260 147.828
29270 147.587
29280 147.308
29290 146.986
29300 146.622
29310 146.212
29320 145.753
29330 145.245
29340 144.686
29350 144.072
29360 143.404
29370 142.679
29380 141.896
29390 141.055
29400 140.155
29410 139.195
29420 138.176
29430 137.097
29440 135.96
29450 134.766
29460 133.515
29470 132.21
29480 130.851
29490 129.443
29500 127.985
29510 126.483
29520 124.937
29530 123.351
29540 121.728
29550 120.071
29560 118.384
29570 116.669
29580 114.93
29590 113.17
29600 111.391
29610 109.598
29620 107.793
29630 105.979
29640 104.159
29650 102.336
29660 100.511
29670 98.6886
29680 96.8698
29690 95.0572
29700 93.2526
29710 91.4582
29720 89.6755
29730 87.9064
29740 86.1523
29750 84.4145
29760 82.6945
29770 80.9933
29780 79.312
29790 77.6515
29800 76.0127
29810 74.3963
29820 72.803
29830 71.2334
29840 69.6879
29850 68.167
29860 66.671
29870 65.2002
29880 63.7548
29890 62.335
29900 60.941
29910 59.5727
29920 58.2302
29930 56.9135
29940 55.6226
29950 54.3572
29960 53.1175
29970 51.9031
29980 50.7139
29990 49.5497
30000 48.4103
30010 47.2955
30020 46.205
30030 45.1385
30040 44.0958
30050 43.0765
30060 42.0805
30070 41.1073
30080 40.1566
30090 39.2282
30100 38.3217
30110 37.4367
30120 36.573
30130 35.7302
30140 34.9081
30150 34.1061
30160 33.3241
30170 32.5617
30180 31.8185
30190 31.0943
30200 30.3887
30210 29.7014
30220 29.0322
30230 28.3806
30240 27.7464
30250 27.1293
30260 26.5291
30270 25.9454
30280 25.3779
30290 24.8265
30300 24.2908
30310 23.7706
30320 23.2656
30330 22.7757
30340 22.3005
30350 21.84
30360 21.3938
30370 20.9619
30380 20.5439
30390 20.1398
30400 19.7494
30410 19.3725
30420 19.009
30430 18.6587
30440 18.3217
30450 17.9977
30460 17.6867
30470 17.3886
30480 17.1034
30490 16.831
30500 16.5715
30510 16.3247
30520 16.0908
30530 15.8697
30540 15.6615
30550 15.4663
30560 15.2842
30570 15.1153
30580 14.9596
30590 14.8175
30600 14.6889
30610 14.5743
30620 14.4736
30630 14.3873
30640 14.3156
30650 14.2588
30660 14.2172
30670 14.1912
30680 14.1811
30690 14.1874
30700 14.2105
30710 14.2508
30720 14.3089
30730 14.3853
30740 14.4805
30750 14.5951
30760 14.7297
30770 14.8849
30780 15.0615
30790 15.26
30800 15.4811
30810 15.7257
30820 15.9944
30830 16.288
30840 16.6072
30850 16.953
30860 17.3259
30870 17.727
30880 18.1568
30890 18.6163
30900 19.1063
30910 19.6274
30920 20.1804
30930 20.7662
30940 21.3852
30950 22.0383
30960 22.726
30970 23.4489
30980 24.2075
30990 25.0021
31000 25.8332
31010 26.701
31020 27.6058
31030 28.5477
31040 29.5265
31050 30.5423
31060 31.5949
31070 32.6839
31080 33.809
31090 34.9695
31100 36.1648
31110 37.3942
31120 38.6568
31130 39.9516
31140 41.2774
31150 42.6332
31160 44.0175
31170 45.429
31180 46.8662
31190 48.3275
31200 49.8113
31210 51.3159
31220 52.8396
31230 54.3805
31240 55.937
31250 57.507
31260 59.0889
31270 60.6806
31280 62.2805
31290 63.8866
31300 65.4972
31310 67.1105
31320 68.7248
31330 70.3384
31340 71.9496
31350 73.5569
31360 75.1588
31370 76.7538
31380 78.3406
31390 79.9178
31400 81.4842
31410 83.0386
31420 84.5799
31430 86.1072
31440 87.6194
31450 89.1157
31460 90.5952
31470 92.0573
31480 93.5012
31490 94.9262
31500 96.332
31510 97.7179
31520 99.0835
31530 100.429
31540 101.752
31550 103.055
31560 104.336
31570 105.596
31580 106.833
31590 108.049
31600 109.243
31610 110.414
31620 111.563
31630 112.691
31640 113.796
31650 114.879
31660 115.941
31670 116.981
31680 117.999
31690 118.996
31700 119.971
31710 120.926
31720 121.859
31730 122.772
31740 123.665
31750 124.537
31760 125.39
31770 126.223
31780 127.037
31790 127.831
31800 128.607
31810 129.364
31820 130.103
31830 130.824
31840 131.527
31850 132.213
31860 132.882
31870 133.534
31880 134.17
31890 134.789
31900 135.393
31910 135.981
31920 136.553
31930 137.11
31940 137.653
31950 138.181
31960 138.694
31970 139.193
31980 139.679
31990 140.151
32000 140.61
32010 141.055
32020 141.487
32030 141.907
32040 142.314
32050 142.709
32060 143.091
32070 143.462
32080 143.82
32090 144.166
32100 144.501
32110 144.823
32120 145.134
32130 145.433
32140 145.721
32150 145.996
32160 146.26
32170 146.512
32180 146.751
32190 146.978
32200 147.192
32210 147.394
32220 147.582
32230 147.756
32240 147.915
32250 148.06
32260 148.189
32270 148.301
32280 148.397
32290 148.474
32300 148.532
32310 148.569
32320 148.585
32330 148.577
32340 148.545
32350 148.487
32360 148.401
32370 148.285
32380 148.137
32390 147.956
32400 147.74
32410 147.485
32420 147.19
32430 146.854
32440 146.473
32450 146.045
32460 145.569
32470 145.042
32480 144.463
32490 143.83
32500 143.141
32510 142.395
32520 141.591
32530 140.728
32540 139.806
32550 138.825
32560 137.784
32570 136.684
32580 135.526
32590 134.311
32600 133.04
32610 131.715
32620 130.338
32630 128.911
32640 127.437
32650 125.918
32660 124.358
32670 122.758
32680 121.123
32690 119.454
32700 117.756
32710 116.032
32720 114.285
32730 112.518
32740 110.734
32750 108.936
32760 107.127
32770 105.311
32780 103.489
32790 101.665
32800 99.8413
32810 98.0198
32820 96.203
32830 94.3931
32840 92.5921
32850 90.8017
32860 89.0239
32870 87.2601
32880 85.5118
32890 83.7804
32900 82.0672
32910 80.3732
32920 78.6994
32930 77.0467
32940 75.4161
32950 73.8081
32960 72.2234
32970 70.6625
32980 69.126
32990 67.6142
33000 66.1274
33010 64.6659
33020 63.2299
33030 61.8195
33040 60.4349
33050 59.0761
33060 57.743
33070 56.4358
33080 55.1542
33090 53.8983
33100 52.6679
33110 51.4627
33120 50.2827
33130 49.1277
33140 47.9973
33150 46.8914
33160 45.8097
33170 44.752
33180 43.7179
33190 42.7072
33200 41.7196
33210 40.7547
33220 39.8122
33230 38.8919
33240 37.9933
33250 37.1162
33260 36.2602
33270 35.425
33280 34.6102
33290 33.8156
33300 33.0408
33310 32.2855
33320 31.5494
33330 30.832
33340 30.1332
33350 29.4525
33360 28.7898
33370 28.1446
33380 27.5167
33390 26.9059
33400 26.3117
33410 25.734
33420 25.1724
33430 24.6268
33440 24.0968
33450 23.5822
33460 23.0828
33470 22.5983
33480 22.1285
33490 21.6733
33500 21.2323
33510 20.8055
33520 20.3926
33530 19.9935
33540 19.6081
33550 19.2361
33560 18.8775
33570 18.532
33580 18.1998
33590 17.8805
33600 17.5743
33610 17.2809
33620 17.0004
33630 16.7327
33640 16.4778
33650 16.2357
33660 16.0064
33670 15.79
33680 15.5866
33690 15.3961
33700 15.2188
33710 15.0546
33720 14.9039
33730 14.7666
33740 14.6431
33750 14.5335
33760 14.4381
33770 14.357
33780 14.2907
33790 14.2393
33800 14.2033
33810 14.183
33820 14.1788
33830 14.1911
33840 14.2204
33850 14.2671
33860 14.3318
33870 14.4149
33880 14.517
33890 14.6388
33900 14.7808
33910 14.9436
33920 15.128
33930 15.3346
33940 15.5642
33950 15.8174
33960 16.095
33970 16.3978
33980 16.7265
33990 17.082
34000 17.465
34010 17.8764
34020 18.3169
34030 18.7873
34040 19.2885
34050 19.8211
34060 20.3859
34070 20.9836
34080 21.6149
34090 22.2805
34100 22.9809
34110 23.7166
34120 24.4882
34130 25.296
34140 26.1405
34150 27.0217
34160 27.9399
34170 28.8952
34180 29.8875
34190 30.9167
34200 31.9826
34210 33.0848
34220 34.2228
34230 35.3961
34240 36.6039
34250 37.8455
34260 39.1199
34270 40.4262
34280 41.7631
34290 43.1294
34300 44.5238
34310 45.9449
34320 47.3911
34330 48.8608
34340 50.3525
34350 51.8643
34360 53.3945
34370 54.9414
34380 56.5031
34390 58.0777
34400 59.6635
34410 61.2585
34420 62.8609
34430 64.469
34440 66.0809
34450 67.6948
34460 69.3091
34470 70.9221
34480 72.5322
34490 74.1378
34500 75.7374
34510 77.3297
34520 78.9132
34530 80.4867
34540 82.049
34550 83.5989
34560 85.1353
34570 86.6573
34580 88.1639
34590 89.6543
34600 91.1276
34610 92.5832
34620 94.0204
34630 95.4386
34640 96.8373
34650 98.2159
34660 99.5741
34670 100.912
34680 102.228
34690 103.523
34700 104.796
34710 106.048
34720 107.277
34730 108.485
34740 109.671
34750 110.834
34760 111.976
34770 113.095
34780 114.192
34790 115.268
34800 116.321
34810 117.353
34820 118.364
34830 119.353
34840 120.321
34850 121.268
34860 122.194
34870 123.099
34880 123.985
34890 124.85
34900 125.695
34910 126.521
34920 127.328
34930 128.116
34940 128.885
34950 129.635
34960 130.368
34970 131.082
34980 131.779
34990 132.459
35000 133.122
35010 133.768
35020 134.398
35030 135.011
35040 135.609
35050 136.191
35060 136.758
35070 137.31
35080 137.847
35090 138.369
35100 138.878
35110 139.372
35120 139.853
35130 140.32
35140 140.774
35150 141.214
35160 141.642
35170 142.057
35180 142.46
35190 142.85
35200 143.228
35210 143.594
35220 143.948
35230 144.29
35240 144.62
35250 144.938
35260 145.245
35270 145.54
35280 145.823
35290 146.094
35300 146.354
35310 146.601
35320 146.836
35330 147.058
35340 147.268
35350 147.464
35360 147.647
35370 147.816
35380 147.971
35390 148.11
35400 148.233
35410 148.339
35420 148.428
35430 148.498
35440 148.549
35450 148.578
35460 148.586
35470 148.57
35480 148.528
35490 148.46
35500 148.364
35510 148.237
35520 148.077
35530 147.883
35540 147.653
35550 147.384
35560 147.075
35570 146.722
35580 146.325
35590 145.88
35600 145.386
35610 144.84
35620 144.242
35630 143.588
35640 142.879
35650 142.112
35660 141.287
35670 140.403
35680 139.459
35690 138.456
35700 137.394
35710 136.272
35720 135.093
35730 133.858
35740 132.567
35750 131.223
35760 129.828
35770 128.384
35780 126.893
35790 125.359
35800 123.783
35810 122.17
35820 120.522
35830 118.843
35840 117.135
35850 115.402
35860 113.647
35870 111.874
35880 110.084
35890 108.282
35900 106.47
35910 104.652
35920 102.829
35930 101.004
35940 99.181
35950 97.3609
35960 95.5463
35970 93.7394
35980 91.9419
35990 90.1559
36000 88.3829
36010 86.6246
36020 84.8822
36030 83.1573
36040 81.4508
36050 79.764
36060 78.0978
36070 76.453
36080 74.8304
36090 73.2308
36100 71.6547
36110 70.1026
36120 68.5749
36130 67.0721
36140 65.5944
36150 64.1422
36160 62.7154
36170 61.3144
36180 59.9391
36190 58.5896
36200 57.2659
36210 55.968
36220 54.6957
36230 53.4491
36240 52.2278
36250 51.0318
36260 49.8608
36270 48.7148
36280 47.5933
36290 46.4962
36300 45.4233
36310 44.3742
36320 43.3486
36330 42.3463
36340 41.3669
36350 40.4102
36360 39.4758
36370 38.5634
36380 37.6726
36390 36.8032
36400 35.9548
36410 35.1271
36420 34.3197
36430 33.5323
36440 32.7646
36450 32.0163
36460 31.287
36470 30.5764
36480 29.8842
36490 29.2101
36500 28.5537
36510 27.9149
36520 27.2932
36530 26.6884
36540 26.1003
36550 25.5285
36560 24.9727
36570 24.4328
36580 23.9084
36590 23.3994
36600 22.9054
36610 22.4263
36620 21.9618
36630 21.5118
36640 21.076
36650 20.6543
36660 20.2464
36670 19.8523
36680 19.4718
36690 19.1046
36700 18.7508
36710 18.4102
36720 18.0827
36730 17.7682
36740 17.4666
36750 17.1779
36760 16.9021
36770 16.639
36780 16.3888
36790 16.1514
36800 15.9268
36810 15.7151
36820 15.5164
36830 15.3307
36840 15.1582
36850 14.9989
36860 14.8531
36870 14.7208
36880 14.6023
36890 14.4978
36900 14.4076
36910 14.3319
36920 14.271
36930 14.2252
36940 14.1949
36950 14.1804
36960 14.1822
36970 14.2006
36980 14.2362
36990 14.2894
37000 14.3607
37010 14.4507
37020 14.56
37030 14.6891
37040 14.8386
37050 15.0092
37060 15.2016
37070 15.4165
37080 15.6546
37090 15.9167
37100 16.2034
37110 16.5156
37120 16.854
37130 17.2194
37140 17.6127
37150 18.0346
37160 18.4859
37170 18.9675
37180 19.48
37190 20.0243
37200 20.601
37210 21.2109
37220 21.8547
37230 22.5329
37240 23.2461
37250 23.9949
37260 24.7796
37270 25.6008
37280 26.4586
37290 27.3533
37300 28.2851
37310 29.2538
37320 30.2596
37330 31.3022
37340 32.3814
37350 33.4967
37360 34.6476
37370 35.8336
37380 37.0538
37390 38.3075
37400 39.5937
37410 40.9112
37420 42.259
37430 43.6357
37440 45.04
37450 46.4704
37460 47.9254
37470 49.4033
37480 50.9025
37490 52.4212
37500 53.9577
37510 55.5102
37520 57.0768
37530 58.6557
37540 60.2451
37550 61.843
37560 63.4477
37570 65.0573
37580 66.6702
37590 68.2844
37600 69.8984
37610 71.5105
37620 73.1192
37630 74.7228
37640 76.3199
37650 77.9091
37660 79.4891
37670 81.0586
37680 82.6165
37690 84.1616
37700 85.6928
37710 87.2093
37720 88.7101
37730 90.1943
37740 91.6613
37750 93.1102
37760 94.5405
37770 95.9517
37780 97.3431
37790 98.7143
37800 100.065
37810 101.395
37820 102.703
37830 103.99
37840 105.256
37850 106.499
37860 107.721
37870 108.921
37880 110.098
37890 111.254
37900 112.387
37910 113.498
37920 114.588
37930 115.655
37940 116.701
37950 117.725
37960 118.727
37970 119.709
37980 120.669
37990 121.608
38000 122.527
38010 123.425
38020 124.303
38030 125.161
38040 125.999
38050 126.818
38060 127.618
38070 128.399
38080 129.161
38090 129.905
38100 130.631
38110 131.339
38120 132.029
38130 132.703
38140 133.36
38150 134
38160 134.623
38170 135.231
38180 135.823
38190 136.4
38200 136.961
38210 137.508
38220 138.039
38230 138.557
38240 139.06
38250 139.549
38260 140.025
38270 140.487
38280 140.936
38290 141.372
38300 141.795
38310 142.206
38320 142.604
38330 142.989
38340 143.363
38350 143.724
38360 144.074
38370 144.412
38380 144.738
38390 145.052
38400 145.354
38410 145.645
38420 145.924
38430 146.19
38440 146.445
38450 146.688
38460 146.919
38470 147.136
38480 147.341
38490 147.533
38500 147.711
38510 147.874
38520 148.023
38530 148.156
38540 148.274
38550 148.374
38560 148.456
38570 148.519
38580 148.562
38590 148.584
38600 148.583
38610 148.558
38620 148.507
38630 148.429
38640 148.321
38650 148.182
38660 148.011
38670 147.804
38680 147.56
38690 147.277
38700 146.952
38710 146.583
38720 146.168
38730 145.706
38740 145.193
38750 144.628
38760 144.01
38770 143.337
38780 142.606
38790 141.819
38800 140.972
38810 140.066
38820 139.101
38830 138.076
38840 136.992
38850 135.85
38860 134.65
38870 133.395
38880 132.084
38890 130.721
38900 129.308
38910 127.847
38920 126.34
38930 124.79
38940 123.201
38950 121.575
38960 119.915
38970 118.225
38980 116.508
38990 114.767
39000 113.004
39010 111.225
39020 109.43
39030 107.624
39040 105.81
39050 103.989
39060 102.166
39070 100.341
39080 98.5189
39090 96.7005
39100 94.8885
39110 93.0848
39120 91.2914
39130 89.5099
39140 87.7421
39150 85.9894
39160 84.2533
39170 82.5349
39180 80.8355
39190 79.1561
39200 77.4976
39210 75.8608
39220 74.2465
39230 72.6554
39240 71.0879
39250 69.5447
39260 68.026
39270 66.5324
39280 65.0639
39290 63.6209
39300 62.2035
39310 60.8118
39320 59.4459
39330 58.1058
39340 56.7915
39350 55.5029
39360 54.24
39370 53.0025
39380 51.7905
39390 50.6036
39400 49.4417
39410 48.3046
39420 47.1921
39430 46.1038
39440 45.0395
39450 43.999
39460 42.9819
39470 41.988
39480 41.0169
39490 40.0683
39500 39.1419
39510 38.2374
39520 37.3545
39530 36.4927
39540 35.6519
39550 34.8316
39560 34.0315
39570 33.2513
39580 32.4907
39590 31.7493
39600 31.0268
39610 30.323
39620 29.6374
39630 28.9698
39640 28.3198
39650 27.6872
39660 27.0717
39670 26.473
39680 25.8908
39690 25.3249
39700 24.7749
39710 24.2407
39720 23.7219
39730 23.2183
39740 22.7298
39750 22.256
39760 21.7968
39770 21.352
39780 20.9213
39790 20.5046
39800 20.1018
39810 19.7126
39820 19.337
39830 18.9747
39840 18.6257
39850 18.2898
39860 17.967
39870 17.6572
39880 17.3603
39890 17.0763
39900 16.8051
39910 16.5467
39920 16.3011
39930 16.0684
39940 15.8485
39950 15.6415
39960 15.4475
39970 15.2666
39980 15.0988
39990 14.9444
40000 14.8035
40010 14.6762
40020 14.5628
40030 14.4634
40040 14.3784
40050 14.308
40060 14.2526
40070 14.2124
40080 14.1878
40090 14.1791
40100 14.1869
40110 14.2115
40120 14.2535
40130 14.3132
40140 14.3912
40150 14.4881
40160 14.6045
40170 14.7409
40180 14.898
40190 15.0765
40200 15.277
40210 15.5002
40220 15.7469
40230 16.0178
40240 16.3137
40250 16.6353
40260 16.9834
40270 17.3589
40280 17.7625
40290 18.195
40300 18.6572
40310 19.1499
40320 19.6738
40330 20.2298
40340 20.8185
40350 21.4406
40360 22.0968
40370 22.7876
40380 23.5137
40390 24.2755
40400 25.0734
40410 25.9079
40420 26.779
40430 27.6872
40440 28.6324
40450 29.6146
40460 30.6338
40470 31.6897
40480 32.782
40490 33.9103
40500 35.074
40510 36.2725
40520 37.505
40530 38.7706
40540 40.0683
40550 41.3969
40560 42.7553
40570 44.1422
40580 45.5562
40590 46.9956
40600 48.4591
40610 49.9449
40620 51.4514
40630 52.9768
40640 54.5193
40650 56.0771
40660 57.6484
40670 59.2313
40680 60.8239
40690 62.4245
40700 64.0312
40710 65.6422
40720 67.2557
40730 68.8701
40740 70.4836
40750 72.0946
40760 73.7016
40770 75.3029
40780 76.8973
40790 78.4834
40800 80.0597
40810 81.6251
40820 83.1785
40830 84.7186
40840 86.2446
40850 87.7555
40860 89.2504
40870 90.7284
40880 92.1889
40890 93.6311
40900 95.0545
40910 96.4586
40920 97.8427
40930 99.2065
40940 100.55
40950 101.872
40960 103.173
40970 104.452
40980 105.709
40990 106.945
41000 108.159
41010 109.35
41020 110.52
41030 111.667
41040 112.792
41050 113.896
41060 114.977
41070 116.037
41080 117.074
41090 118.091
41100 119.086
41110 120.059
41120 121.012
41130 121.944
41140 122.855
41150 123.745
41160 124.616
41170 125.467
41180 126.298
41190 127.11
41200 127.903
41210 128.677
41220 129.433
41230 130.17
41240 130.889
41250 131.591
41260 132.276
41270 132.943
41280 133.594
41290 134.228
41300 134.846
41310 135.448
41320 136.034
41330 136.605
41340 137.161
41350 137.702
41360 138.228
41370 138.741
41380 139.239
41390 139.723
41400 140.194
41410 140.651
41420 141.096
41430 141.527
41440 141.945
41450 142.351
41460 142.745
41470 143.126
41480 143.495
41490 143.852
41500 144.198
41510 144.531
41520 144.853
41530 145.163
41540 145.461
41550 145.747
41560 146.022
41570 146.284
41580 146.535
41590 146.773
41600 146.999
41610 147.212
41620 147.412
41630 147.599
41640 147.772
41650 147.93
41660 148.073
41670 148.201
41680 148.312
41690 148.405
41700 148.481
41710 148.537
41720 148.572
41730 148.586
41740 148.576
41750 148.542
41760 148.481
41770 148.393
41780 148.274
41790 148.124
41800 147.94
41810 147.72
41820 147.461
41830 147.163
41840 146.823
41850 146.437
41860 146.006
41870 145.525
41880 144.994
41890 144.41
41900 143.772
41910 143.078
41920 142.327
41930 141.517
41940 140.649
41950 139.722
41960 138.735
41970 137.689
41980 136.584
41990 135.42
42000 134.2
42010 132.924
42020 131.595
42030 130.213
42040 128.782
42050 127.304
42060 125.781
42070 124.217
42080 122.614
42090 120.975
42100 119.304
42110 117.604
42120 115.877
42130 114.128
42140 112.359
42150 110.574
42160 108.775
42170 106.965
42180 105.148
42190 103.326
42200 101.502
42210 99.6782
42220 97.857
42230 96.0407
42240 94.2315
42250 92.4313
42260 90.642
42270 88.8653
42280 87.1028
42290 85.356
42300 83.6262
42310 81.9146
42320 80.2223
42330 78.5504
42340 76.8997
42350 75.271
42360 73.665
42370 72.0825
42380 70.5238
42390 68.9894
42400 67.4798
42410 65.9953
42420 64.536
42430 63.1023
42440 61.6942
42450 60.3119
42460 58.9554
42470 57.6247
42480 56.3198
42490 55.0405
42500 53.7869
42510 52.5587
42520 51.3558
42530 50.178
42540 49.0252
42550 47.8971
42560 46.7934
42570 45.7138
42580 44.6583
42590 43.6263
42600 42.6177
42610 41.6321
42620 40.6692
42630 39.7287
42640 38.8103
42650 37.9137
42660 37.0385
42670 36.1844
42680 35.351
42690 34.5381
42700 33.7453
42710 32.9723
42720 32.2187
42730 31.4842
42740 30.7686
42750 30.0714
42760 29.3924
42770 28.7312
42780 28.0876
42790 27.4613
42800 26.8519
42810 26.2593
42820 25.683
42830 25.1229
42840 24.5787
42850 24.0501
42860 23.5369
42870 23.0388
42880 22.5556
42890 22.0872
42900 21.6332
42910 21.1936
42920 20.768
42930 20.3564
42940 19.9586
42950 19.5743
42960 19.2036
42970 18.8461
42980 18.5019
42990 18.1708
43000 17.8528
43010 17.5477
43020 17.2554
43030 16.9761
43040 16.7095
43050 16.4558
43060 16.2149
43070 15.9868
43080 15.7716
43090 15.5693
43100 15.3801
43110 15.2039
43120 15.041
43130 14.8915
43140 14.7555
43150 14.6332
43160 14.5249
43170 14.4307
43180 14.351
43190 14.286
43200 14.2361
43210 14.2015
43220 14.1826
43230 14.1799
43240 14.1938
43250 14.2246
43260 14.2729
43270 14.3393
43280 14.4241
43290 14.528
43300 14.6516
43310 14.7955
43320 14.9603
43330 15.1467
43340 15.3553
43350 15.587
43360 15.8424
43370 16.1223
43380 16.4275
43390 16.7586
43400 17.1166
43410 17.5022
43420 17.9162
43430 18.3594
43440 18.8326
43450 19.3366
43460 19.8721
43470 20.4399
43480 21.0406
43490 21.6751
43500 22.3438
43510 23.0474
43520 23.7864
43530 24.5613
43540 25.3724
43550 26.2202
43560 27.1048
43570 28.0264
43580 28.9851
43590 29.9808
43600 31.0133
43610 32.0825
43620 33.188
43630 34.3292
43640 35.5057
43650 36.7166
43660 37.9613
43670 39.2386
43680 40.5477
43690 41.8874
43700 43.2563
43710 44.6532
43720 46.0766
43730 47.525
43740 48.9968
43750 50.4903
43760 52.0039
43770 53.5357
43780 55.084
43790 56.6469
43800 58.2227
43810 59.8093
43820 61.4051
43830 63.0081
43840 64.6166
43850 66.2287
43860 67.8427
43870 69.457
43880 71.0698
43890 72.6795
43900 74.2846
43910 75.8836
43920 77.4751
43930 79.0578
43940 80.6303
43950 82.1914
43960 83.7401
43970 85.2753
43980 86.7959
43990 88.301
44000 89.7899
44010 91.2616
44020 92.7155
44030 94.151
44040 95.5674
44050 96.9643
44060 98.3411
44070 99.6974
44080 101.033
44090 102.347
44100 103.64
44110 104.912
44120 106.161
44130 107.389
44140 108.595
44150 109.778
44160 110.94
44170 112.079
44180 113.196
44190 114.292
44200 115.365
44210 116.417
44220 117.447
44230 118.455
44240 119.442
44250 120.408
44260 121.353
44270 122.277
44280 123.181
44290 124.065
44300 124.928
44310 125.772
44320 126.596
44330 127.401
44340 128.187
44350 128.954
44360 129.703
44370 130.434
44380 131.147
44390 131.842
44400 132.52
44410 133.182
44420 133.826
44430 134.454
44440 135.066
44450 135.663
44460 136.243
44470 136.809
44480 137.359
44490 137.895
44500 138.416
44510 138.924
44520 139.417
44530 139.896
44540 140.362
44550 140.814
44560 141.254
44570 141.681
44580 142.095
44590 142.496
44600 142.885
44610 143.262
44620 143.627
44630 143.979
44640 144.32
44650 144.649
44660 144.967
44670 145.272
44680 145.566
44690 145.848
44700 146.119
44710 146.377
44720 146.623
44730 146.857
44740 147.078
44750 147.286
44760 147.482
44770 147.663
44780 147.831
44790 147.984
44800 148.121
44810 148.243
44820 148.348
44830 148.435
44840 148.504
44850 148.552
44860 148.58
44870 148.585
44880 148.567
44890 148.523
44900 148.453
44910 148.353
44920 148.223
44930 148.061
44940 147.864
44950 147.63
44960 147.358
44970 147.045
44980 146.688
44990 146.286
45000 145.837
45010 145.338
45020 144.788
45030 144.184
45040 143.526
45050 142.811
45060 142.039
45070 141.209
45080 140.319
45090 139.37
45100 138.362
45110 137.294
45120 136.168
45130 134.984
45140 133.743
45150 132.447
45160 131.099
45170 129.699
45180 128.25
45190 126.755
45200 125.217
45210 123.638
45220 122.022
45230 120.371
45240 118.689
45250 116.979
45260 115.244
45270 113.487
45280 111.712
45290 109.921
45300 108.118
45310 106.306
45320 104.487
45330 102.663
45340 100.839
45350 99.0159
45360 97.1963
45370 95.3823
45380 93.5761
45390 91.7797
45400 89.9948
45410 88.2231
45420 86.4661
45430 84.7253
45440 83.002
45450 81.2973
45460 79.6123
45470 77.948
45480 76.3052
45490 74.6847
45500 73.0872
45510 71.5132
45520 69.9634
45530 68.438
45540 66.9374
45550 65.4621
45560 64.0121
45570 62.5877
45580 61.1889
45590 59.816
45600 58.4689
45610 57.1475
45620 55.8519
45630 54.582
45640 53.3376
45650 52.1187
45660 50.9249
45670 49.7563
45680 48.6124
45690 47.4932
45700 46.3983
45710 45.3275
45720 44.2805
45730 43.2571
45740 42.2569
45750 41.2796
45760 40.3249
45770 39.3925
45780 38.482
45790 37.5932
45800 36.7257
45810 35.8792
45820 35.0533
45830 34.2477
45840 33.4622
45850 32.6962
45860 31.9496
45870 31.222
45880 30.5131
45890 29.8226
45900 29.1501
45910 28.4953
45920 27.8581
45930 27.2379
45940 26.6347
45950 26.048
45960 25.4777
45970 24.9233
45980 24.3848
45990 23.8618
46000 23.3542
46010 22.8615
46020 22.3838
46030 21.9206
46040 21.4719
46050 21.0374
46060 20.6169
46070 20.2103
46080 19.8174
46090 19.4381
46100 19.0722
46110 18.7195
46120 18.3801
46130 18.0538
46140 17.7404
46150 17.44
46160 17.1525
46170 16.8778
46180 16.6159
46190 16.3668
46200 16.1306
46210 15.9072
46220 15.6966
46230 15.4991
46240 15.3146
46250 15.1432
46260 14.9852
46270 14.8405
46280 14.7095
46290 14.5923
46300 14.4891
46310 14.4001
46320 14.3257
46330 14.2662
46340 14.2218
46350 14.1929
46360 14.1798
46370 14.1831
46380 14.2031
46390 14.2402
46400 14.295
46410 14.368
46420 14.4597
46430 14.5707
46440 14.7016
46450 14.853
46460 15.0256
46470 15.22
46480 15.437
46490 15.6772
46500 15.9414
46510 16.2304
46520 16.5449
46530 16.8857
46540 17.2536
46550 17.6494
46560 18.074
46570 18.528
46580 19.0123
46590 19.5276
46600 20.0748
46610 20.6545
46620 21.2674
46630 21.9143
46640 22.5956
46650 23.312
46660 24.064
46670 24.852
46680 25.6765
46690 26.5376
46700 27.4356
46710 28.3707
46720 29.3428
46730 30.352
46740 31.3979
46750 32.4803
46760 33.5988
46770 34.7529
46780 35.942
46790 37.1653
46800 38.422
46810 39.711
46820 41.0313
46830 42.3818
46840 43.761
46850 45.1677
46860 46.6004
46870 48.0575
46880 49.5374
46890 51.0384
46900 52.5588
46910 54.0968
46920 55.6506
46930 57.2184
46940 58.7983
46950 60.3885
46960 61.9871
46970 63.5923
46980 65.2023
46990 66.8154
47000 68.4297
47010 70.0436
47020 71.6554
47030 73.2636
47040 74.8667
47050 76.4631
47060 78.0516
47070 79.6307
47080 81.1992
47090 82.756
47100 84.2998
47110 85.8298
47120 87.3449
47130 88.8442
47140 90.3269
47150 91.7923
47160 93.2396
47170 94.6682
47180 96.0775
47190 97.4671
47200 98.8365
47210 100.185
47220 101.513
47230 102.82
47240 104.105
47250 105.368
47260 106.61
47270 107.83
47280 109.027
47290 110.203
47300 111.356
47310 112.488
47320 113.597
47330 114.684
47340 115.75
47350 116.794
47360 117.816
47370 118.816
47380 119.796
47390 120.754
47400 121.691
47410 122.608
47420 123.505
47430 124.381
47440 125.237
47450 126.073
47460 126.891
47470 127.689
47480 128.468
47490 129.228
47500 129.971
47510 130.695
47520 131.401
47530 132.091
47540 132.763
47550 133.418
47560 134.056
47570 134.679
47580 135.285
47590 135.876
47600 136.451
47610 137.011
47620 137.556
47630 138.086
47640 138.602
47650 139.104
47660 139.592
47670 140.067
47680 140.528
47690 140.976
47700 141.41
47710 141.832
47720 142.242
47730 142.639
47740 143.023
47750 143.396
47760 143.756
47770 144.105
47780 144.441
47790 144.766
47800 145.079
47810 145.381
47820 145.67
47830 145.948
47840 146.214
47850 146.468
47860 146.709
47870 146.939
47880 147.155
47890 147.359
47900 147.549
47910 147.726
47920 147.888
47930 148.036
47940 148.168
47950 148.283
47960 148.382
47970 148.462
47980 148.524
47990 148.565
48000 148.585
48010 148.581
48020 148.554
48030 148.501
48040 148.42
48050 148.31
48060 148.168
48070 147.993
48080 147.783
48090 147.536
48100 147.249
48110 146.92
48120 146.547
48130 146.128
48140 145.661
48150 145.144
48160 144.575
48170 143.951
48180 143.273
48190 142.537
48200 141.744
48210 140.892
48220 139.981
48230 139.011
48240 137.98
48250 136.891
48260 135.744
48270 134.539
48280 133.278
48290 131.963
48300 130.595
48310 129.178
48320 127.712
48330 126.201
48340 124.648
48350 123.055
48360 121.426
48370 119.763
48380 118.071
48390 116.351
48400 114.608
48410 112.844
48420 111.063
48430 109.267
48440 107.46
48450 105.645
48460 103.824
48470 102
48480 100.176
48490 98.3539
48500 96.5361
48510 94.7247
48520 92.9219
48530 91.1294
48540 89.3491
48550 87.5826
48560 85.8314
48570 84.0968
48580 82.3801
48590 80.6824
48600 79.0049
48610 77.3483
48620 75.7135
48630 74.1013
48640 72.5123
48650 70.947
48660 69.406
48670 67.8896
48680 66.3982
48690 64.932
48700 63.4913
48710 62.0762
48720 60.6869
48730 59.3233
48740 57.9855
48750 56.6736
48760 55.3873
48770 54.1267
48780 52.8916
48790 51.6818
48800 50.4972
48810 49.3376
48820 48.2027
48830 47.0924
48840 46.0063
48850 44.9442
48860 43.9058
48870 42.8908
48880 41.899
48890 40.9299
48900 39.9834
48910 39.059
48920 38.1564
48930 37.2754
48940 36.4156
48950 35.5766
48960 34.7581
48970 33.9599
48980 33.1815
48990 32.4226
49000 31.683
49010 30.9622
49020 30.26
49030 29.576
49040 28.91
49050 28.2617
49060 27.6307
49070 27.0167
49080 26.4195
49090 25.8388
49100 25.2743
49110 24.7258
49120 24.1929
49130 23.6755
49140 23.1734
49150 22.6862
49160 22.2137
49170 21.7558
49180 21.3123
49190 20.8829
49200 20.4675
49210 20.0659
49220 19.6779
49230 19.3035
49240 18.9424
49250 18.5946
49260 18.26
49270 17.9384
49280 17.6297
49290 17.334
49300 17.0511
49310 16.7811
49320 16.5239
49330 16.2794
49340 16.0479
49350 15.8291
49360 15.6233
49370 15.4305
49380 15.2507
49390 15.0842
49400 14.931
49410 14.7913
49420 14.6653
49430 14.5531
49440 14.4551
49450 14.3714
49460 14.3023
49470 14.2482
49480 14.2094
49490 14.1862
49500 14.1791
49510 14.1884
49520 14.2145
49530 14.258
49540 14.3194
49550 14.3991
49560 14.4978
49570 14.6159
49580 14.7542
49590 14.9132
49600 15.0937
49610 15.2962
49620 15.5215
49630 15.7704
49640 16.0435
49650 16.3417
49660 16.6656
49670 17.0162
49680 17.3942
49690 17.8004
49700 18.2355
49710 18.7004
49720 19.1959
49730 19.7228
49740 20.2817
49750 20.8734
49760 21.4985
49770 22.1578
49780 22.8519
49790 23.5812
49800 24.3462
49810 25.1474
49820 25.9852
49830 26.8597
49840 27.7712
49850 28.7197
49860 29.7053
49870 30.7278
49880 31.7871
49890 32.8827
49900 34.0142
49910 35.1811
49920 36.3827
49930 37.6182
49940 38.8868
49950 40.1873
49960 41.5187
49970 42.8798
49980 44.2692
49990 45.6855
50000 47.1272
50010 48.5928
50020 50.0806
50030 51.5888
50040 53.1159
50050 54.6598
50060 56.2189
50070 57.7913
50080 59.3752
50090 60.9687
50100 62.5699
50110 64.177
50120 65.7883
50130 67.402
50140 69.0164
50150 70.6297
50160 72.2404
50170 73.8469
50180 75.4478
50190 77.0415
50200 78.6266
50210 80.2021
50220 81.7664
50230 83.3186
50240 84.8576
50250 86.3822
50260 87.8917
50270 89.3851
50280 90.8615
50290 92.3204
50300 93.761
50310 95.1827
50320 96.5849
50330 97.9672
50340 99.3292
50350 100.67
50360 101.991
50370 103.289
50380 104.567
50390 105.822
50400 107.056
50410 108.268
50420 109.457
50430 110.625
50440 111.77
50450 112.893
50460 113.995
50470 115.074
50480 116.132
50490 117.168
50500 118.182
50510 119.175
50520 120.146
50530 121.097
50540 122.027
50550 122.936
50560 123.825
50570 124.694
50580 125.543
50590 126.373
50600 127.183
50610 127.974
50620 128.746
50630 129.5
50640 130.236
50650 130.954
50660 131.654
50670 132.337
50680 133.003
50690 133.652
50700 134.284
50710 134.901
50720 135.501
50730 136.086
50740 136.656
50750 137.211
50760 137.75
50770 138.276
50780 138.786
50790 139.283
50800 139.766
50810 140.236
50820 140.692
50830 141.135
50840 141.565
50850 141.983
50860 142.388
50870 142.78
50880 143.16
50890 143.528
50900 143.884
50910 144.228
50920 144.561
50930 144.881
50940 145.19
50950 145.487
50960 145.772
50970 146.046
50980 146.307
50990 146.557
51000 146.794
51010 147.019
51020 147.231
51030 147.43
51040 147.615
51050 147.787
51060 147.944
51070 148.085
51080 148.212
51090 148.321
51100 148.413
51110 148.487
51120 148.541
51130 148.575
51140 148.586
51150 148.574
51160 148.538
51170 148.475
51180 148.383
51190 148.262
51200 148.109
51210 147.921
51220 147.698
51230 147.436
51240 147.134
51250 146.79
51260 146.4
51270 145.964
51280 145.479
51290 144.943
51300 144.354
51310 143.711
51320 143.012
51330 142.256
51340 141.441
51350 140.568
51360 139.635
51370 138.643
51380 137.591
51390 136.481
51400 135.312
51410 134.087
51420 132.806
51430 131.472
51440 130.086
51450 128.65
51460 127.168
51470 125.641
51480 124.073
51490 122.467
51500 120.825
51510 119.151
51520 117.448
51530 115.72
51540 113.969
51550 112.198
51560 110.411
51570 108.611
51580 106.801
51590 104.984
51600 103.161
51610 101.337
51620 99.5133
51630 97.6925
51640 95.8768
51650 94.0683
51660 92.269
51670 90.4808
51680 88.7053
51690 86.9442
51700 85.1989
51710 83.4706
51720 81.7607
51730 80.0703
51740 78.4002
51750 76.7515
51760 75.1248
51770 73.521
51780 71.9405
51790 70.384
51800 68.8519
51810 67.3445
51820 65.8623
51830 64.4053
51840 62.9739
51850 61.5682
51860 60.1882
51870 58.834
51880 57.5057
51890 56.203
51900 54.9261
51910 53.6748
51920 52.4489
51930 51.2483
51940 50.0728
51950 48.9222
51960 47.7963
51970 46.6948
51980 45.6174
51990 44.564
52000 43.5341
52010 42.5276
52020 41.5441
52030 40.5833
52040 39.6448
52050 38.7284
52060 37.8337
52070 36.9604
52080 36.1082
52090 35.2767
52100 34.4657
52110 33.6746
52120 32.9034
52130 32.1515
52140 31.4188
52150 30.7048
52160 30.0093
52170 29.3319
52180 28.6723
52190 28.0303
52200 27.4055
52210 26.7977
52220 26.2065
52230 25.6317
52240 25.0731
52250 24.5303
52260 24.0031
52270 23.4912
52280 22.9945
52290 22.5127
52300 22.0456
52310 21.5929
52320 21.1546
52330 20.7303
52340 20.3199
52350 19.9233
52360 19.5403
52370 19.1707
52380 18.8145
52390 18.4715
52400 18.1416
52410 17.8247
52420 17.5207
52430 17.2297
52440 16.9515
52450 16.6861
52460 16.4335
52470 16.1938
52480 15.9669
52490 15.7528
52500 15.5517
52510 15.3636
52520 15.1887
52530 15.027
52540 14.8786
52550 14.7439
52560 14.6229
52570 14.5158
52580 14.423
52590 14.3446
52600 14.2809
52610 14.2323
52620 14.1992
52630 14.1818
52640 14.1805
52650 14.1959
52660 14.2283
52670 14.2783
52680 14.3462
52690 14.4328
52700 14.5384
52710 14.6638
52720 14.8096
52730 14.9763
52740 15.1647
52750 15.3754
52760 15.6092
52770 15.8668
52780 16.1489
52790 16.4564
52800 16.79
52810 17.1504
52820 17.5385
52830 17.9551
52840 18.401
52850 18.877
52860 19.3838
52870 19.9222
52880 20.4929
52890 21.0967
52900 21.7342
52910 22.4061
52920 23.1129
52930 23.8551
52940 24.6333
52950 25.4477
52960 26.2988
52970 27.1868
52980 28.1117
52990 29.0737
53000 30.0728
53010 31.1087
53020 32.1811
53030 33.2899
53040 34.4343
53050 35.6139
53060 36.828
53070 38.0756
53080 39.3559
53090 40.6678
53100 42.0101
53110 43.3816
53120 44.781
53130 46.2067
53140 47.6573
53150 49.1311
53160 50.6266
53170 52.1419
53180 53.6752
53190 55.2249
53200 56.7891
53210 58.3659
53220 59.9534
53230 61.5499
53240 63.1535
53250 64.7624
53260 66.3748
53270 67.9889
53280 69.6031
53290 71.2156
53300 72.825
53310 74.4296
53320 76.028
53330 77.6188
53340 79.2005
53350 80.7721
53360 82.3322
53370 83.8797
53380 85.4135
53390 86.9328
53400 88.4365
53410 89.9238
53420 91.3939
53430 92.8462
53440 94.28
53450 95.6947
53460 97.0897
53470 98.4647
53480 99.8192
53490 101.153
53500 102.465
53510 103.756
53520 105.026
53530 106.273
53540 107.499
53550 108.703
53560 109.884
53570 111.044
53580 112.181
53590 113.296
53600 114.39
53610 115.461
53620 116.511
53630 117.539
53640 118.545
53650 119.53
53660 120.494
53670 121.438
53680 122.36
53690 123.262
53700 124.143
53710 125.005
53720 125.847
53730 126.669
53740 127.473
53750 128.257
53760 129.023
53770 129.77
53780 130.499
53790 131.21
53800 131.904
53810 132.581
53820 133.241
53830 133.884
53840 134.51
53850 135.121
53860 135.716
53870 136.295
53880 136.859
53890 137.408
53900 137.943
53910 138.463
53920 138.969
53930 139.461
53940 139.939
53950 140.403
53960 140.855
53970 141.293
53980 141.719
53990 142.131
54000 142.532
54010 142.92
54020 143.295
54030 143.659
54040 144.011
54050 144.351
54060 144.679
54070 144.995
54080 145.299
54090 145.592
54100 145.873
54110 146.142
54120 146.4
54130 146.645
54140 146.877
54150 147.097
54160 147.305
54170 147.499
54180 147.679
54190 147.845
54200 147.997
54210 148.133
54220 148.253
54230 148.357
54240 148.442
54250 148.509
54260 148.556
54270 148.581
54280 148.585
54290 148.564
54300 148.518
54310 148.445
54320 148.343
54330 148.21
54340 148.045
54350 147.844
54360 147.607
54370 147.331
54380 147.014
54390 146.653
54400 146.247
54410 145.794
54420 145.29
54430 144.735
54440 144.127
54450 143.464
54460 142.744
54470 141.967
54480 141.131
54490 140.236
54500 139.281
54510 138.268
54520 137.194
54530 136.063
54540 134.873
54550 133.628
54560 132.327
54570 130.974
54580 129.57
54590 128.117
54600 126.618
54610 125.076
54620 123.494
54630 121.874
54640 120.22
54650 118.536
54660 116.823
54670 115.086
54680 113.327
54690 111.55
54700 109.759
54710 107.954
54720 106.141
54730 104.322
54740 102.498
54750 100.674
54760 98.851
54770 97.0318
54780 95.2184
54790 93.4131
54800 91.6176
54810 89.8338
54820 88.0634
54830 86.3079
54840 84.5686
54850 82.8469
54860 81.144
54870 79.4608
54880 77.7984
54890 76.1576
54900 74.5392
54910 72.9438
54920 71.372
54930 69.8243
54940 68.3011
54950 66.8028
54960 65.3298
54970 63.8821
54980 62.46
54990 61.0636
55000 59.693
55010 58.3482
55020 57.0292
55030 55.7359
55040 54.4683
55050 53.2262
55060 52.0096
55070 50.8181
55080 49.6517
55090 48.5101
55100 47.3931
55110 46.3004
55120 45.2318
55130 44.1869
55140 43.1656
55150 42.1675
55160 41.1922
55170 40.2396
55180 39.3092
55190 38.4007
55200 37.5138
55210 36.6482
55220 35.8036
55230 34.9796
55240 34.1758
55250 33.392
55260 32.6279
55270 31.883
55280 31.1571
55290 30.4499
55300 29.761
55310 29.0901
55320 28.4369
55330 27.8012
55340 27.1826
55350 26.5809
55360 25.9957
55370 25.4268
55380 24.874
55390 24.3368
55400 23.8153
55410 23.3089
55420 22.8177
55430 22.3412
55440 21.8794
55450 21.4319
55460 20.9987
55470 20.5795
55480 20.1742
55490 19.7825
55500 19.4044
55510 19.0397
55520 18.6883
55530 18.35
55540 18.0249
55550 17.7127
55560 17.4135
55570 17.1271
55580 16.8535
55590 16.5928
55600 16.3449
55610 16.1098
55620 15.8876
55630 15.6782
55640 15.4818
55650 15.2985
55660 15.1284
55670 14.9715
55680 14.8281
55690 14.6983
55700 14.5823
55710 14.4804
55720 14.3928
55730 14.3197
55740 14.2615
55750 14.2185
55760 14.191
55770 14.1794
55780 14.1842
55790 14.2057
55800 14.2444
55810 14.3009
55820 14.3755
55830 14.4689
55840 14.5817
55850 14.7144
55860 14.8677
55870 15.0422
55880 15.2387
55890 15.4577
55900 15.7001
55910 15.9665
55920 16.2577
55930 16.5746
55940 16.9178
55950 17.2882
55960 17.6866
55970 18.1138
55980 18.5705
55990 19.0576
56000 19.5758
56010 20.1259
56020 20.7086
56030 21.3245
56040 21.9744
56050 22.6589
56060 23.3785
56070 24.1338
56080 24.9251
56090 25.7528
56100 26.6173
56110 27.5187
56120 28.4571
56130 29.4326
56140 30.4451
56150 31.4943
56160 32.58
56170 33.7018
56180 34.8591
56190 36.0513
56200 37.2776
56210 38.5373
56220 39.8292
56230 41.1523
56240 42.5054
56250 43.8872
56260 45.2963
56270 46.7312
56280 48.1904
56290 49.6723
56300 51.1752
56310 52.6972
56320 54.2368
56330 55.7919
56340 57.3609
56350 58.9418
56360 60.5328
56370 62.1321
56380 63.7378
56390 65.3482
56400 66.9614
56410 68.5757
56420 70.1895
56430 71.8011
56440 73.4089
56450 75.0114
56460 76.6072
56470 78.1948
56480 79.773
56490 81.3405
56500 82.8962
56510 84.4388
56520 85.9675
56530 87.4812
56540 88.979
56550 90.4602
56560 91.9239
56570 93.3696
56580 94.7965
56590 96.2041
56600 97.5919
56610 98.9594
56620 100.306
56630 101.632
56640 102.937
56650 104.22
56660 105.482
56670 106.721
56680 107.939
56690 109.135
56700 110.308
56710 111.46
56720 112.589
56730 113.696
56740 114.782
56750 115.845
56760 116.887
56770 117.907
56780 118.906
56790 119.883
56800 120.84
56810 121.775
56820 122.69
56830 123.585
56840 124.459
56850 125.313
56860 126.148
56870 126.964
56880 127.76
56890 128.537
56900 129.296
56910 130.037
56920 130.76
56930 131.465
56940 132.152
56950 132.823
56960 133.476
56970 134.113
56980 134.734
56990 135.339
57000 135.928
57010 136.502
57020 137.061
57030 137.604
57040 138.134
57050 138.648
57060 139.149
57070 139.636
57080 140.109
57090 140.569
57100 141.016
57110 141.449
57120 141.87
57130 142.278
57140 142.674
57150 143.058
57160 143.429
57170 143.788
57180 144.136
57190 144.471
57200 144.795
57210 145.107
57220 145.407
57230 145.696
57240 145.972
57250 146.237
57260 146.49
57270 146.731
57280 146.959
57290 147.174
57300 147.377
57310 147.566
57320 147.741
57330 147.902
57340 148.048
57350 148.179
57360 148.293
57370 148.39
57380 148.469
57390 148.528
57400 148.568
57410 148.585
57420 148.58
57430 148.55
57440 148.495
57450 148.411
57460 148.298
57470 148.154
57480 147.976
57490 147.763
57500 147.512
57510 147.221
57520 146.888
57530 146.511
57540 146.088
57550 145.617
57560 145.095
57570 144.52
57580 143.892
57590 143.209
57600 142.468
57610 141.67
57620 140.812
57630 139.896
57640 138.92
57650 137.884
57660 136.79
57670 135.637
57680 134.427
57690 133.161
57700 131.841
57710 130.469
57720 129.047
57730 127.577
57740 126.062
57750 124.505
57760 122.909
57770 121.277
57780 119.611
57790 117.916
57800 116.194
57810 114.449
57820 112.683
57830 110.901
57840 109.104
57850 107.296
57860 105.48
57870 103.659
57880 101.835
57890 100.011
57900 98.1892
57910 96.3718
57920 94.5612
57930 92.7592
57940 90.9678
57950 89.1887
57960 87.4235
57970 85.6737
57980 83.9407
57990 82.2257
58000 80.5298
58010 78.8541
58020 77.1994
58030 75.5667
58040 73.9565
58050 72.3696
58060 70.8066
58070 69.2677
58080 67.7536
58090 66.2644
58100 64.8006
58110 63.3622
58120 61.9494
58130 60.5624
58140 59.2012
58150 57.8657
58160 56.5561
58170 55.2722
58180 54.0139
58190 52.781
58200 51.5736
58210 50.3912
58220 49.2339
58230 48.1012
58240 46.9931
58250 45.9092
58260 44.8492
58270 43.813
58280 42.8001
58290 41.8103
58300 40.8433
58310 39.8988
58320 38.9764
58330 38.0758
58340 37.1967
58350 36.3388
58360 35.5017
58370 34.6851
58380 33.8886
58390 33.112
58400 32.3549
58410 31.617
58420 30.8979
58430 30.1973
58440 29.515
58450 28.8506
58460 28.2039
58470 27.5744
58480 26.962
58490 26.3663
58500 25.787
58510 25.224
58520 24.6769
58530 24.1455
58540 23.6295
58550 23.1286
58560 22.6428
58570 22.1717
58580 21.7151
58590 21.2728
58600 20.8447
58610 20.4306
58620 20.0302
58630 19.6435
58640 19.2703
58650 18.9104
58660 18.5638
58670 18.2303
58680 17.9099
58690 17.6024
58700 17.3079
58710 17.0262
58720 16.7573
58730 16.5012
58740 16.258
58750 16.0275
58760 15.81
58770 15.6053
58780 15.4137
58790 15.2351
58800 15.0698
58810 14.9178
58820 14.7793
58830 14.6545
58840 14.5436
58850 14.4469
58860 14.3645
58870 14.2968
58880 14.2441
58890 14.2067
58900 14.1849
58910 14.1793
58920 14.19
58930 14.2178
58940 14.2629
58950 14.3259
58960 14.4073
58970 14.5077
58980 14.6276
58990 14.7677
59000 14.9287
59010 15.1111
59020 15.3156
59030 15.5431
59040 15.7941
59050 16.0694
59060 16.3699
59070 16.6963
59080 17.0493
59090 17.4298
59100 17.8385
59110 18.2764
59120 18.744
59130 19.2423
59140 19.772
59150 20.3339
59160 20.9286
59170 21.5568
59180 22.2192
59190 22.9164
59200 23.6489
59210 24.4172
59220 25.2218
59230 26.0628
59240 26.9407
59250 27.8555
59260 28.8074
59270 29.7964
59280 30.8222
59290 31.8847
59300 32.9836
59310 34.1184
59320 35.2884
59330 36.4932
59340 37.7317
59350 39.0032
59360 40.3066
59370 41.6407
59380 43.0044
59390 44.3963
59400 45.815
59410 47.2589
59420 48.7266
59430 50.2163
59440 51.7263
59450 53.2549
59460 54.8004
59470 56.3607
59480 57.9343
59490 59.5191
59500 61.1133
59510 62.7151
59520 64.3227
59530 65.9343
59540 67.5481
59550 69.1625
59560 70.7756
59570 72.386
59580 73.9921
59590 75.5923
59600 77.1853
59610 78.7697
59620 80.3441
59630 81.9074
59640 83.4585
59650 84.9962
59660 86.5195
59670 88.0275
59680 89.5194
59690 90.9943
59700 92.4516
59710 93.8904
59720 95.3104
59730 96.7108
59740 98.0913
59750 99.4514
59760 100.791
59770 102.109
59780 103.406
59790 104.681
59800 105.935
59810 107.166
59820 108.376
59830 109.564
59840 110.729
59850 111.873
59860 112.994
59870 114.093
59880 115.171
59890 116.226
59900 117.26
59910 118.273
59920 119.264
59930 120.233
59940 121.182
59950 122.11
59960 123.018
59970 123.905
59980 124.772
59990 125.619
