0 0
10 4.79647
20 9.44724
30 13.9567
40 18.3292
50 22.5689
60 26.6798
70 30.6658
80 34.5307
90 38.2782
100 41.9119
110 45.4352
120 48.8515
130 52.164
140 55.3758
150 58.4901
160 61.5098
170 64.4378
180 67.2768
190 70.0296
200 72.6987
210 75.2868
220 77.7962
230 80.2295
240 82.5888
250 84.8764
260 87.0945
270 89.2453
280 91.3307
290 93.3528
300 95.3135
310 97.2145
320 99.0579
330 100.845
340 102.578
350 104.259
360 105.888
370 107.468
380 109
390 110.485
400 111.925
410 113.322
420 114.676
430 115.989
440 117.262
450 118.496
460 119.693
470 120.853
480 121.979
490 123.07
500 124.128
510 125.154
520 126.148
530 127.113
540 128.048
550 128.954
560 129.834
570 130.686
580 131.513
590 132.314
600 133.091
610 133.845
620 134.575
630 135.284
640 135.971
650 136.637
660 137.282
670 137.909
680 138.516
690 139.104
700 139.675
710 140.229
720 140.765
730 141.286
740 141.79
750 142.28
760 142.754
770 143.214
780 143.66
790 144.092
800 144.512
810 144.918
820 145.313
830 145.695
840 146.065
850 146.425
860 146.773
870 147.111
880 147.439
890 147.756
900 148.064
910 148.363
920 148.653
930 148.933
940 149.206
950 149.47
960 149.726
970 149.974
980 150.214
990 150.448
1000 150.674
1010 150.893
1020 151.106
1030 151.312
1040 151.512
1050 151.706
1060 151.894
1070 152.076
1080 152.25
1090 152.389
1100 152.401
1110 152.108
1120 151.309
1130 149.884
1140 147.842
1150 145.285
1160 142.346
1170 139.147
1180 135.787
1190 132.337
1200 128.852
1210 125.366
1220 121.905
1230 118.488
1240 115.127
1250 111.831
1260 108.605
1270 105.452
1280 102.376
1290 99.3765
1300 96.455
1310 93.6111
1320 90.8441
1330 88.1531
1340 85.5371
1350 82.9945
1360 80.5242
1370 78.1244
1380 75.7936
1390 73.5303
1400 71.3326
1410 69.1991
1420 67.128
1430 65.1177
1440 63.1666
1450 61.2731
1460 59.4355
1470 57.6524
1480 55.9221
1490 54.2433
1500 52.6144
1510 51.034
1520 49.5008
1530 48.0133
1540 46.5703
1550 45.1704
1560 43.8125
1570 42.4951
1580 41.2173
1590 39.9778
1600 38.7754
1610 37.6092
1620 36.4779
1630 35.3807
1640 34.3164
1650 33.2841
1660 32.2828
1670 31.3117
1680 30.3698
1690 29.4562
1700 28.5702
1710 27.7108
1720 26.8773
1730 26.069
1740 25.2849
1750 24.5246
1760 23.7871
1770 23.0719
1780 22.3782
1790 21.7055
1800 21.053
1810 20.4203
1820 19.8066
1830 19.2114
1840 18.6342
1850 18.0745
1860 17.5316
1870 17.0051
1880 16.4945
1890 15.9993
1900 15.5191
1910 15.0534
1920 14.6017
1930 14.1637
1940 13.7389
1950 13.3269
1960 12.9274
1970 12.54
1980 12.1642
1990 11.7998
2000 11.4465
2010 11.1038
2020 10.7714
2030 10.4491
2040 10.1365
2050 9.83343
2060 9.53947
2070 9.2544
2080 8.97794
2090 8.70983
2100 8.44983
2110 8.19769
2120 7.95317
2130 7.7161
2140 7.48644
2150 7.26415
2160 7.04918
2170 6.84148
2180 6.64097
2190 6.44758
2200 6.26125
2210 6.08189
2220 5.90943
2230 5.7438
2240 5.58493
2250 5.43274
2260 5.28717
2270 5.14816
2280 5.01566
2290 4.88963
2300 4.77002
2310 4.65679
2320 4.54992
2330 4.4494
2340 4.35521
2350 4.26735
2360 4.18583
2370 4.11066
2380 4.04187
2390 3.9795
2400 3.92359
2410 3.8742
2420 3.8314
2430 3.79527
2440 3.76589
2450 3.74337
2460 3.72782
2470 3.71938
2480 3.71817
2490 3.72437
2500 3.73812
2510 3.75962
2520 3.78905
2530 3.82664
2540 3.8726
2550 3.92718
2560 3.99064
2570 4.06325
2580 4.1453
2590 4.23711
2600 4.33899
2610 4.45129
2620 4.57437
2630 4.70862
2640 4.85442
2650 5.01221
2660 5.18241
2670 5.36548
2680 5.56189
2690 5.77214
2700 5.99674
2710 6.23621
2720 6.49111
2730 6.762
2740 7.04946
2750 7.35408
2760 7.67649
2770 8.0173
2780 8.37716
2790 8.75672
2800 9.15663
2810 9.57757
2820 10.0202
2830 10.4852
2840 10.9733
2850 11.4851
2860 12.0213
2870 12.5826
2880 13.1696
2890 13.783
2900 14.4234
2910 15.0914
2920 15.7876
2930 16.5124
2940 17.2666
2950 18.0504
2960 18.8643
2970 19.7088
2980 20.5841
2990 21.4906
3000 22.4284
3010 23.3978
3020 24.3987
3030 25.4312
3040 26.4952
3050 27.5907
3060 28.7174
3070 29.8749
3080 31.063
3090 32.2811
3100 33.5288
3110 34.8053
3120 36.1099
3130 37.442
3140 38.8005
3150 40.1845
3160 41.5928
3170 43.0242
3180 44.4771
3190 45.95
3200 47.441
3210 48.9483
3220 50.4702
3230 52.0047
3240 53.55
3250 55.1043
3260 56.6659
3270 58.2329
3280 59.8038
3290 61.3769
3300 62.9506
3310 64.5235
3320 66.0941
3330 67.6611
3340 69.2231
3350 70.7788
3360 72.3271
3370 73.8668
3380 75.3969
3390 76.9162
3400 78.4238
3410 79.9188
3420 81.4004
3430 82.8676
3440 84.3197
3450 85.7561
3460 87.1759
3470 88.5785
3480 89.9635
3490 91.3301
3500 92.6779
3510 94.0064
3520 95.3151
3530 96.6036
3540 97.8715
3550 99.1185
3560 100.344
3570 101.548
3580 102.73
3590 103.89
3600 105.028
3610 106.143
3620 107.235
3630 108.304
3640 109.349
3650 110.372
3660 111.37
3670 112.344
3680 113.294
3690 114.22
3700 115.121
3710 115.998
3720 116.849
3730 117.675
3740 118.475
3750 119.249
3760 119.997
3770 120.717
3780 121.411
3790 122.076
3800 122.713
3810 123.321
3820 123.899
3830 124.447
3840 124.963
3850 125.446
3860 125.896
3870 126.311
3880 126.69
3890 127.031
3900 127.333
3910 127.594
3920 127.812
3930 127.986
3940 128.113
3950 128.191
3960 128.218
3970 128.192
3980 128.109
3990 127.968
4000 127.766
4010 127.501
4020 127.17
4030 126.771
4040 126.301
4050 125.759
4060 125.143
4070 124.451
4080 123.683
4090 122.838
4100 121.915
4110 120.916
4120 119.839
4130 118.687
4140 117.462
4150 116.165
4160 114.8
4170 113.37
4180 111.877
4190 110.327
4200 108.723
4210 107.069
4220 105.371
4230 103.633
4240 101.861
4250 100.058
4260 98.2295
4270 96.3807
4280 94.516
4290 92.6398
4300 90.7562
4310 88.8694
4320 86.9831
4330 85.1009
4340 83.2261
4350 81.3616
4360 79.5103
4370 77.6748
4380 75.8573
4390 74.0598
4400 72.2843
4410 70.5323
4420 68.8052
4430 67.1044
4440 65.4308
4450 63.7853
4460 62.1688
4470 60.5818
4480 59.0247
4490 57.4981
4500 56.0021
4510 54.5368
4520 53.1024
4530 51.6989
4540 50.3263
4550 48.9842
4560 47.6727
4570 46.3914
4580 45.1401
4590 43.9184
4600 42.7261
4610 41.5626
4620 40.4276
4630 39.3207
4640 38.2415
4650 37.1894
4660 36.1639
4670 35.1647
4680 34.1912
4690 33.2429
4700 32.3192
4710 31.4198
4720 30.5441
4730 29.6915
4740 28.8616
4750 28.0539
4760 27.2678
4770 26.5028
4780 25.7586
4790 25.0345
4800 24.3302
4810 23.645
4820 22.9787
4830 22.3306
4840 21.7004
4850 21.0875
4860 20.4917
4870 19.9123
4880 19.3491
4890 18.8015
4900 18.2693
4910 17.7519
4920 17.2491
4930 16.7603
4940 16.2854
4950 15.8238
4960 15.3752
4970 14.9393
4980 14.5158
4990 14.1043
5000 13.7045
5010 13.316
5020 12.9387
5030 12.5721
5040 12.2159
5050 11.87
5060 11.534
5070 11.2077
5080 10.8907
5090 10.5829
5100 10.2839
5110 9.99362
5120 9.71172
5130 9.43799
5140 9.17222
5150 8.91419
5160 8.66368
5170 8.42049
5180 8.18443
5190 7.9553
5200 7.73291
5210 7.51708
5220 7.30764
5230 7.10441
5240 6.90722
5250 6.71593
5260 6.53036
5270 6.35036
5280 6.1758
5290 6.00653
5300 5.8424
5310 5.6833
5320 5.52908
5330 5.37962
5340 5.23481
5350 5.09453
5360 4.95866
5370 4.8271
5380 4.69975
5390 4.5765
5400 4.45727
5410 4.34196
5420 4.23048
5430 4.12276
5440 4.01871
5450 3.91826
5460 3.82135
5470 3.7279
5480 3.63786
5490 3.55117
5500 3.46779
5510 3.38766
5520 3.31074
5530 3.237
5540 3.16641
5550 3.09894
5560 3.03457
5570 2.97329
5580 2.9151
5590 2.85998
5600 2.80794
5610 2.759
5620 2.71318
5630 2.6705
5640 2.631
5650 2.59472
5660 2.56171
5670 2.53202
5680 2.50574
5690 2.48293
5700 2.46369
5710 2.44811
5720 2.43631
5730 2.42839
5740 2.4245
5750 2.42478
5760 2.42937
5770 2.43845
5780 2.4522
5790 2.4708
5800 2.49446
5810 2.5234
5820 2.55784
5830 2.59803
5840 2.64422
5850 2.69668
5860 2.75569
5870 2.82154
5880 2.89453
5890 2.97498
5900 3.06321
5910 3.15956
5920 3.26438
5930 3.37801
5940 3.50083
5950 3.6332
5960 3.77549
5970 3.92811
5980 4.09142
5990 4.26583
6000 4.45174
6010 4.64953
6020 4.85962
6030 5.0824
6040 5.31827
6050 5.56765
6060 5.83091
6070 6.10847
6080 6.40072
6090 6.70804
6100 7.03082
6110 7.36944
6120 7.72426
6130 8.09566
6140 8.48398
6150 8.88958
6160 9.31279
6170 9.75394
6180 10.2133
6190 10.6913
6200 11.1881
6210 11.704
6220 12.2393
6230 12.7942
6240 13.369
6250 13.9638
6260 14.5788
6270 15.2143
6280 15.8703
6290 16.547
6300 17.2445
6310 17.9629
6320 18.7022
6330 19.4625
6340 20.2437
6350 21.0458
6360 21.8688
6370 22.7126
6380 23.5771
6390 24.4621
6400 25.3675
6410 26.2931
6420 27.2386
6430 28.2038
6440 29.1883
6450 30.1919
6460 31.2142
6470 32.2547
6480 33.3131
6490 34.3889
6500 35.4817
6510 36.5908
6520 37.7157
6530 38.8559
6540 40.0108
6550 41.1797
6560 42.362
6570 43.5569
6580 44.7638
6590 45.982
6600 47.2106
6610 48.4489
6620 49.6961
6630 50.9514
6640 52.214
6650 53.4829
6660 54.7574
6670 56.0366
6680 57.3195
6690 58.6053
6700 59.893
6710 61.1818
6720 62.4707
6730 63.7587
6740 65.045
6750 66.3286
6760 67.6085
6770 68.8837
6780 70.1533
6790 71.4164
6800 72.6719
6810 73.9189
6820 75.1564
6830 76.3834
6840 77.5988
6850 78.8018
6860 79.9912
6870 81.1661
6880 82.3254
6890 83.468
6900 84.593
6910 85.6991
6920 86.7853
6930 87.8505
6940 88.8934
6950 89.913
6960 90.9079
6970 91.8769
6980 92.8187
6990 93.7319
7000 94.6151
7010 95.4668
7020 96.2855
7030 97.0695
7040 97.8173
7050 98.527
7060 99.1968
7070 99.8248
7080 100.409
7090 100.947
7100 101.437
7110 101.877
7120 102.265
7130 102.597
7140 102.872
7150 103.088
7160 103.241
7170 103.33
7180 103.352
7190 103.305
7200 103.187
7210 102.997
7220 102.731
7230 102.391
7240 101.973
7250 101.478
7260 100.905
7270 100.255
7280 99.5274
7290 98.7245
7300 97.8474
7310 96.8982
7320 95.8794
7330 94.7941
7340 93.6454
7350 92.4372
7360 91.1734
7370 89.8582
7380 88.4961
7390 87.0916
7400 85.6493
7410 84.174
7420 82.6702
7430 81.1424
7440 79.5951
7450 78.0326
7460 76.459
7470 74.878
7480 73.2935
7490 71.7089
7500 70.1273
7510 68.5517
7520 66.9849
7530 65.4293
7540 63.8872
7550 62.3605
7560 60.8512
7570 59.3609
7580 57.8908
7590 56.4424
7600 55.0165
7610 53.6143
7620 52.2364
7630 50.8834
7640 49.556
7650 48.2544
7660 46.979
7670 45.7299
7680 44.5074
7690 43.3114
7700 42.1419
7710 40.9989
7720 39.8822
7730 38.7916
7740 37.7269
7750 36.6878
7760 35.6741
7770 34.6854
7780 33.7213
7790 32.7815
7800 31.8656
7810 30.9732
7820 30.1039
7830 29.2572
7840 28.4327
7850 27.6301
7860 26.8487
7870 26.0883
7880 25.3482
7890 24.6282
7900 23.9277
7910 23.2464
7920 22.5836
7930 21.9391
7940 21.3124
7950 20.7031
7960 20.1107
7970 19.5348
7980 18.975
7990 18.4309
8000 17.9021
8010 17.3882
8020 16.8889
8030 16.4037
8040 15.9323
8050 15.4743
8060 15.0294
8070 14.5972
8080 14.1774
8090 13.7696
8100 13.3736
8110 12.9889
8120 12.6154
8130 12.2526
8140 11.9004
8150 11.5584
8160 11.2263
8170 10.9039
8180 10.5909
8190 10.2871
8200 9.99213
8210 9.70581
8220 9.42791
8230 9.15818
8240 8.89641
8250 8.64237
8260 8.39586
8270 8.15666
8280 7.92457
8290 7.69941
8300 7.48098
8310 7.26909
8320 7.06358
8330 6.86427
8340 6.67098
8350 6.48357
8360 6.30188
8370 6.12574
8380 5.95503
8390 5.78959
8400 5.62929
8410 5.474
8420 5.3236
8430 5.17795
8440 5.03695
8450 4.90049
8460 4.76845
8470 4.64073
8480 4.51724
8490 4.39788
8500 4.28256
8510 4.17119
8520 4.06371
8530 3.96004
8540 3.86009
8550 3.76382
8560 3.67117
8570 3.58206
8580 3.49647
8590 3.41435
8600 3.33565
8610 3.26034
8620 3.18841
8630 3.11983
8640 3.05458
8650 2.99267
8660 2.93409
8670 2.87885
8680 2.82696
8690 2.77846
8700 2.73338
8710 2.69175
8720 2.65362
8730 2.61907
8740 2.58816
8750 2.56098
8760 2.53762
8770 2.51819
8780 2.50282
8790 2.49163
8800 2.48478
8810 2.48243
8820 2.48477
8830 2.492
8840 2.50432
8850 2.52199
8860 2.54526
8870 2.5744
8880 2.60971
8890 2.65152
8900 2.70018
8910 2.75605
8920 2.81954
8930 2.89106
8940 2.97107
8950 3.06005
8960 3.1585
8970 3.26697
8980 3.38601
8990 3.51622
9000 3.65823
9010 3.81269
9020 3.98028
9030 4.16173
9040 4.35776
9050 4.56914
9060 4.79667
9070 5.04114
9080 5.30341
9090 5.5843
9100 5.8847
9110 6.20547
9120 6.54749
9130 6.91165
9140 7.29884
9150 7.70992
9160 8.14576
9170 8.60721
9180 9.09508
9190 9.61017
9200 10.1532
9210 10.725
9220 11.3261
9230 11.9572
9240 12.6188
9250 13.3114
9260 14.0355
9270 14.7913
9280 15.5792
9290 16.3993
9300 17.2518
9310 18.1366
9320 19.0537
9330 20.003
9340 20.9841
9350 21.9967
9360 23.0405
9370 24.1149
9380 25.2193
9390 26.3531
9400 27.5155
9410 28.7057
9420 29.9228
9430 31.1659
9440 32.434
9450 33.726
9460 35.0408
9470 36.3773
9480 37.7342
9490 39.1104
9500 40.5047
9510 41.9157
9520 43.3421
9530 44.7827
9540 46.2362
9550 47.7012
9560 49.1765
9570 50.6607
9580 52.1526
9590 53.6508
9600 55.1541
9610 56.6612
9620 58.1709
9630 59.682
9640 61.1933
9650 62.7037
9660 64.2119
9670 65.717
9680 67.2178
9690 68.7133
9700 70.2025
9710 71.6844
9720 73.1581
9730 74.6227
9740 76.0773
9750 77.5211
9760 78.9533
9770 80.3731
9780 81.7797
9790 83.1726
9800 84.5509
9810 85.914
9820 87.2614
9830 88.5925
9840 89.9066
9850 91.2033
9860 92.482
9870 93.7423
9880 94.9836
9890 96.2054
9900 97.4075
9910 98.5892
9920 99.7503
9930 100.89
9940 102.009
9950 103.105
9960 104.179
9970 105.23
9980 106.259
9990 107.263
10000 108.243
10010 109.199
10020 110.13
10030 111.035
10040 111.913
10050 112.765
10060 113.589
10070 114.385
10080 115.152
10090 115.889
10100 116.594
10110 117.268
10120 117.908
10130 118.513
10140 119.082
10150 119.613
10160 120.105
10170 120.555
10180 120.961
10190 121.321
10200 121.633
10210 121.893
10220 122.099
10230 122.248
10240 122.336
10250 122.361
10260 122.319
10270 122.206
10280 122.018
10290 121.753
10300 121.407
10310 120.978
10320 120.462
10330 119.856
10340 119.16
10350 118.373
10360 117.492
10370 116.52
10380 115.455
10390 114.302
10400 113.06
10410 111.735
10420 110.33
10430 108.849
10440 107.297
10450 105.681
10460 104.005
10470 102.277
10480 100.502
10490 98.6872
10500 96.8383
10510 94.9616
10520 93.0633
10530 91.149
10540 89.2241
10550 87.2939
10560 85.3629
10570 83.4358
10580 81.5164
10590 79.6085
10600 77.7154
10610 75.84
10620 73.9851
10630 72.1528
10640 70.3453
10650 68.5643
10660 66.8114
10670 65.0878
10680 63.3945
10690 61.7325
10700 60.1025
10710 58.5049
10720 56.9401
10730 55.4085
10740 53.9101
10750 52.4451
10760 51.0133
10770 49.6146
10780 48.2489
10790 46.9158
10800 45.6151
10810 44.3463
10820 43.1091
10830 41.903
10840 40.7276
10850 39.5823
10860 38.4667
10870 37.3802
10880 36.3222
10890 35.2923
10900 34.2898
10910 33.3142
10920 32.3648
10930 31.4412
10940 30.5428
10950 29.6689
10960 28.819
10970 27.9925
10980 27.189
10990 26.4077
11000 25.6483
11010 24.91
11020 24.1925
11030 23.4951
11040 22.8174
11050 22.1589
11060 21.519
11070 20.8973
11080 20.2933
11090 19.7065
11100 19.1365
11110 18.5827
11120 18.0449
11130 17.5225
11140 17.0151
11150 16.5224
11160 16.0439
11170 15.5791
11180 15.1279
11190 14.6897
11200 14.2643
11210 13.8512
11220 13.4501
11230 13.0607
11240 12.6826
11250 12.3156
11260 11.9593
11270 11.6135
11280 11.2778
11290 10.9519
11300 10.6357
11310 10.3287
11320 10.0308
11330 9.74163
11340 9.46104
11350 9.18876
11360 8.92455
11370 8.66819
11380 8.41945
11390 8.17814
11400 7.94403
11410 7.71693
11420 7.49665
11430 7.28299
11440 7.07579
11450 6.87485
11460 6.68001
11470 6.49111
11480 6.30799
11490 6.13048
11500 5.95845
11510 5.79175
11520 5.63023
11530 5.47378
11540 5.32225
11550 5.17553
11560 5.03349
11570 4.89603
11580 4.76302
11590 4.63438
11600 4.50999
11610 4.38977
11620 4.27361
11630 4.16145
11640 4.05319
11650 3.94877
11660 3.8481
11670 3.75113
11680 3.6578
11690 3.56804
11700 3.48182
11710 3.39909
11720 3.3198
11730 3.24393
11740 3.17145
11750 3.10235
11760 3.0366
11770 2.97421
11780 2.91517
11790 2.8595
11800 2.8072
11810 2.75832
11820 2.71287
11830 2.67091
11840 2.63248
11850 2.59766
11860 2.5665
11870 2.53911
11880 2.51558
11890 2.49601
11900 2.48053
11910 2.46928
11920 2.46241
11930 2.46008
11940 2.46248
11950 2.46981
11960 2.48228
11970 2.50014
11980 2.52363
11990 2.55303
12000 2.58865
12010 2.63079
12020 2.6798
12030 2.73603
12040 2.79989
12050 2.87177
12060 2.95211
12070 3.04137
12080 3.14004
12090 3.24862
12100 3.36765
12110 3.49769
12120 3.63932
12130 3.79315
12140 3.95981
12150 4.13994
12160 4.33422
12170 4.54334
12180 4.76799
12190 5.00889
12200 5.26677
12210 5.54236
12220 5.83641
12230 6.14964
12240 6.4828
12250 6.83662
12260 7.21181
12270 7.60908
12280 8.0291
12290 8.47255
12300 8.94004
12310 9.43218
12320 9.94953
12330 10.4926
12340 11.0619
12350 11.6579
12360 12.2808
12370 12.9312
12380 13.6091
12390 14.315
12400 15.0488
12410 15.8108
12420 16.6009
12430 17.4192
12440 18.2656
12450 19.14
12460 20.0421
12470 20.9718
12480 21.9286
12490 22.9123
12500 23.9225
12510 24.9586
12520 26.0202
12530 27.1067
12540 28.2174
12550 29.3518
12560 30.5091
12570 31.6885
12580 32.8893
12590 34.1108
12600 35.3519
12610 36.6119
12620 37.8899
12630 39.1848
12640 40.4958
12650 41.822
12660 43.1622
12670 44.5155
12680 45.8808
12690 47.2572
12700 48.6436
12710 50.039
12720 51.4424
12730 52.8526
12740 54.2686
12750 55.6895
12760 57.1141
12770 58.5416
12780 59.9707
12790 61.4006
12800 62.8303
12810 64.2588
12820 65.6851
12830 67.1083
12840 68.5274
12850 69.9417
12860 71.3501
12870 72.7518
12880 74.1459
12890 75.5317
12900 76.9084
12910 78.275
12920 79.631
12930 80.9755
12940 82.3078
12950 83.6271
12960 84.9329
12970 86.2244
12980 87.5009
12990 88.7619
13000 90.0067
13010 91.2346
13020 92.4451
13030 93.6375
13040 94.8112
13050 95.9657
13060 97.1004
13070 98.2146
13080 99.3077
13090 100.379
13100 101.428
13110 102.454
13120 103.457
13130 104.435
13140 105.388
13150 106.316
13160 107.216
13170 108.089
13180 108.934
13190 109.749
13200 110.534
13210 111.287
13220 112.007
13230 112.693
13240 113.342
13250 113.955
13260 114.528
13270 115.06
13280 115.549
13290 115.993
13300 116.389
13310 116.735
13320 117.028
13330 117.265
13340 117.443
13350 117.559
13360 117.611
13370 117.594
13380 117.505
13390 117.342
13400 117.101
13410 116.78
13420 116.375
13430 115.885
13440 115.307
13450 114.64
13460 113.884
13470 113.038
13480 112.102
13490 111.079
13500 109.969
13510 108.776
13520 107.503
13530 106.153
13540 104.732
13550 103.243
13560 101.693
13570 100.087
13580 98.431
13590 96.7308
13600 94.9925
13610 93.222
13620 91.4251
13630 89.6075
13640 87.7745
13650 85.9312
13660 84.0826
13670 82.2329
13680 80.3866
13690 78.5472
13700 76.7184
13710 74.9033
13720 73.1047
13730 71.3251
13740 69.5668
13750 67.8318
13760 66.1217
13770 64.4381
13780 62.7821
13790 61.1548
13800 59.5571
13810 57.9897
13820 56.4531
13830 54.9478
13840 53.4739
13850 52.0317
13860 50.6213
13870 49.2425
13880 47.8954
13890 46.5798
13900 45.2953
13910 44.0418
13920 42.8189
13930 41.6262
13940 40.4633
13950 39.3299
13960 38.2253
13970 37.1493
13980 36.1011
13990 35.0804
14000 34.0866
14010 33.1192
14020 32.1776
14030 31.2613
14040 30.3698
14050 29.5025
14060 28.6588
14070 27.8382
14080 27.0402
14090 26.2643
14100 25.5098
14110 24.7764
14120 24.0634
14130 23.3704
14140 22.6968
14150 22.0422
14160 21.4061
14170 20.788
14180 20.1874
14190 19.6039
14200 19.037
14210 18.4863
14220 17.9513
14230 17.4317
14240 16.927
14250 16.4368
14260 15.9607
14270 15.4983
14280 15.0493
14290 14.6133
14300 14.1899
14310 13.7788
14320 13.3797
14330 12.9921
14340 12.6159
14350 12.2506
14360 11.896
14370 11.5517
14380 11.2176
14390 10.8932
14400 10.5784
14410 10.2728
14420 9.97619
14430 9.68834
14440 9.40899
14450 9.13791
14460 8.87485
14470 8.6196
14480 8.37194
14490 8.13165
14500 7.89853
14510 7.67238
14520 7.45301
14530 7.24023
14540 7.03386
14550 6.83372
14560 6.63964
14570 6.45147
14580 6.26903
14590 6.09218
14600 5.92077
14610 5.75464
14620 5.59368
14630 5.43773
14640 5.28667
14650 5.14038
14660 4.99874
14670 4.86163
14680 4.72894
14690 4.60057
14700 4.47641
14710 4.35638
14720 4.24037
14730 4.12831
14740 4.0201
14750 3.91568
14760 3.81497
14770 3.7179
14780 3.62441
14790 3.53444
14800 3.44795
14810 3.36487
14820 3.28518
14830 3.20884
14840 3.13581
14850 3.06608
14860 2.99963
14870 2.93644
14880 2.87652
14890 2.81986
14900 2.76648
14910 2.71639
14920 2.66964
14930 2.62624
14940 2.58626
14950 2.54973
14960 2.51674
14970 2.48735
14980 2.46166
14990 2.43977
15000 2.42179
15010 2.40784
15020 2.39808
15030 2.39265
15040 2.39172
15050 2.3955
15060 2.40418
15070 2.41799
15080 2.43717
15090 2.46199
15100 2.49274
15110 2.52972
15120 2.57325
15130 2.62371
15140 2.68146
15150 2.7469
15160 2.82047
15170 2.90262
15180 2.99383
15190 3.09461
15200 3.2055
15210 3.32705
15220 3.45985
15230 3.60452
15240 3.7617
15250 3.93205
15260 4.11627
15270 4.31505
15280 4.52913
15290 4.75926
15300 5.0062
15310 5.27071
15320 5.55359
15330 5.85563
15340 6.17761
15350 6.52032
15360 6.88454
15370 7.27105
15380 7.68059
15390 8.11391
15400 8.5717
15410 9.05464
15420 9.56338
15430 10.0985
15440 10.6606
15450 11.2502
15460 11.8677
15470 12.5135
15480 13.188
15490 13.8914
15500 14.624
15510 15.386
15520 16.1774
15530 16.9982
15540 17.8484
15550 18.7279
15560 19.6365
15570 20.5741
15580 21.5401
15590 22.5344
15600 23.5564
15610 24.6057
15620 25.6817
15630 26.7838
15640 27.9113
15650 29.0636
15660 30.2399
15670 31.4393
15680 32.6611
15690 33.9043
15700 35.1681
15710 36.4514
15720 37.7534
15730 39.0729
15740 40.409
15750 41.7606
15760 43.1267
15770 44.5061
15780 45.8978
15790 47.3007
15800 48.7137
15810 50.1356
15820 51.5654
15830 53.002
15840 54.4442
15850 55.891
15860 57.3413
15870 58.794
15880 60.2481
15890 61.7025
15900 63.1562
15910 64.6082
15920 66.0576
15930 67.5033
15940 68.9444
15950 70.38
15960 71.8091
15970 73.231
15980 74.6448
15990 76.0495
16000 77.4445
16010 78.829
16020 80.2021
16030 81.5632
16040 82.9116
16050 84.2464
16060 85.5672
16070 86.8732
16080 88.1638
16090 89.4384
16100 90.6963
16110 91.9371
16120 93.1601
16130 94.3648
16140 95.5505
16150 96.7168
16160 97.8632
16170 98.989
16180 100.094
16190 101.177
16200 102.238
16210 103.276
16220 104.29
16230 105.281
16240 106.247
16250 107.188
16260 108.102
16270 108.99
16280 109.85
16290 110.682
16300 111.483
16310 112.255
16320 112.994
16330 113.701
16340 114.373
16350 115.009
16360 115.608
16370 116.168
16380 116.687
16390 117.162
16400 117.592
16410 117.974
16420 118.306
16430 118.584
16440 118.806
16450 118.969
16460 119.069
16470 119.104
16480 119.069
16490 118.962
16500 118.778
16510 118.516
16520 118.171
16530 117.741
16540 117.224
16550 116.618
16560 115.921
16570 115.133
16580 114.253
16590 113.281
16600 112.221
16610 111.072
16620 109.839
16630 108.524
16640 107.132
16650 105.668
16660 104.136
16670 102.543
16680 100.894
16690 99.1956
16700 97.4536
16710 95.6745
16720 93.8642
16730 92.0288
16740 90.174
16750 88.3053
16760 86.4278
16770 84.5465
16780 82.6658
16790 80.79
16800 78.9228
16810 77.0676
16820 75.2277
16830 73.4058
16840 71.6044
16850 69.8256
16860 68.0714
16870 66.3434
16880 64.643
16890 62.9714
16900 61.3296
16910 59.7184
16920 58.1384
16930 56.5901
16940 55.0738
16950 53.5899
16960 52.1383
16970 50.7191
16980 49.3323
16990 47.9777
17000 46.6551
17010 45.3642
17020 44.1048
17030 42.8763
17040 41.6785
17050 40.5109
17060 39.3731
17070 38.2645
17080 37.1847
17090 36.1331
17100 35.1092
17110 34.1124
17120 33.1422
17130 32.1981
17140 31.2795
17150 30.3858
17160 29.5165
17170 28.671
17180 27.8487
17190 27.0492
17200 26.2718
17210 25.5161
17220 24.7814
17230 24.0673
17240 23.3733
17250 22.6988
17260 22.0434
17270 21.4065
17280 20.7876
17290 20.1864
17300 19.6023
17310 19.0349
17320 18.4837
17330 17.9483
17340 17.4282
17350 16.9232
17360 16.4326
17370 15.9563
17380 15.4937
17390 15.0444
17400 14.6082
17410 14.1847
17420 13.7734
17430 13.3742
17440 12.9865
17450 12.6102
17460 12.2448
17470 11.8902
17480 11.5459
17490 11.2117
17500 10.8873
17510 10.5725
17520 10.2669
17530 9.97035
17540 9.68254
17550 9.40323
17560 9.1322
17570 8.8692
17580 8.61401
17590 8.36642
17600 8.12621
17610 7.89317
17620 7.66712
17630 7.44784
17640 7.23516
17650 7.0289
17660 6.82887
17670 6.63492
17680 6.44687
17690 6.26456
17700 6.08784
17710 5.91657
17720 5.75059
17730 5.58978
17740 5.43399
17750 5.2831
17760 5.13698
17770 4.99552
17780 4.8586
17790 4.72611
17800 4.59795
17810 4.47401
17820 4.3542
17830 4.23844
17840 4.12662
17850 4.01868
17860 3.91454
17870 3.81412
17880 3.71736
17890 3.6242
17900 3.53459
17910 3.44846
17920 3.36578
17930 3.28651
17940 3.21061
17950 3.13806
17960 3.06883
17970 3.00292
17980 2.9403
17990 2.88099
18000 2.82499
18010 2.77231
18020 2.72298
18030 2.67702
18040 2.63449
18050 2.59543
18060 2.55989
18070 2.52796
18080 2.49972
18090 2.47525
18100 2.45466
18110 2.43808
18120 2.42564
18130 2.41749
18140 2.41379
18150 2.41473
18160 2.42049
18170 2.43131
18180 2.4474
18190 2.46903
18200 2.49646
18210 2.53001
18220 2.56997
18230 2.61671
18240 2.67057
18250 2.73196
18260 2.80128
18270 2.87898
18280 2.96553
18290 3.06141
18300 3.16716
18310 3.28331
18320 3.41044
18330 3.54916
18340 3.70009
18350 3.86388
18360 4.04121
18370 4.23277
18380 4.43929
18390 4.6615
18400 4.90016
18410 5.15604
18420 5.42991
18430 5.72256
18440 6.03478
18450 6.36736
18460 6.72109
18470 7.09674
18480 7.49507
18490 7.91683
18500 8.36274
18510 8.83349
18520 9.32973
18530 9.8521
18540 10.4012
18550 10.9775
18560 11.5815
18570 12.2136
18580 12.8743
18590 13.5637
18600 14.2823
18610 15.0301
18620 15.8072
18630 16.6138
18640 17.4498
18650 18.3151
18660 19.2096
18670 20.1331
18680 21.0852
18690 22.0657
18700 23.0741
18710 24.1099
18720 25.1727
18730 26.2618
18740 27.3766
18750 28.5165
18760 29.6806
18770 30.8683
18780 32.0786
18790 33.3108
18800 34.5638
18810 35.8369
18820 37.129
18830 38.4391
18840 39.7662
18850 41.1093
18860 42.4673
18870 43.8391
18880 45.2238
18890 46.6201
18900 48.027
18910 49.4433
18920 50.8681
18930 52.3001
18940 53.7383
18950 55.1817
18960 56.629
18970 58.0793
18980 59.5315
18990 60.9845
19000 62.4373
19010 63.889
19020 65.3384
19030 66.7848
19040 68.227
19050 69.6642
19060 71.0954
19070 72.5198
19080 73.9366
19090 75.3448
19100 76.7437
19110 78.1325
19120 79.5104
19130 80.8766
19140 82.2305
19150 83.5714
19160 84.8985
19170 86.2113
19180 87.509
19190 88.7911
19200 90.0569
19210 91.3059
19220 92.5374
19230 93.751
19240 94.946
19250 96.1219
19260 97.2782
19270 98.4143
19280 99.5297
19290 100.624
19300 101.696
19310 102.746
19320 103.773
19330 104.776
19340 105.755
19350 106.709
19360 107.638
19370 108.54
19380 109.415
19390 110.262
19400 111.08
19410 111.868
19420 112.626
19430 113.351
19440 114.042
19450 114.699
19460 115.319
19470 115.901
19480 116.444
19490 116.944
19500 117.401
19510 117.811
19520 118.172
19530 118.482
19540 118.738
19550 118.936
19560 119.074
19570 119.148
19580 119.155
19590 119.092
19600 118.955
19610 118.741
19620 118.447
19630 118.069
19640 117.606
19650 117.055
19660 116.414
19670 115.682
19680 114.858
19690 113.944
19700 112.938
19710 111.844
19720 110.664
19730 109.4
19740 108.056
19750 106.637
19760 105.147
19770 103.593
19780 101.979
19790 100.311
19800 98.5969
19810 96.8412
19820 95.0506
19830 93.2311
19840 91.3887
19850 89.5289
19860 87.657
19870 85.7783
19880 83.8974
19890 82.0186
19900 80.1461
19910 78.2834
19920 76.434
19930 74.6007
19940 72.7864
19950 70.9933
19960 69.2235
19970 67.4788
19980 65.7609
19990 64.0709
20000 62.4101
20010 60.7794
20020 59.1794
20030 57.6107
20040 56.0739
20050 54.5692
20060 53.0968
20070 51.6567
20080 50.249
20090 48.8736
20100 47.5303
20110 46.2189
20120 44.939
20130 43.6904
20140 42.4727
20150 41.2855
20160 40.1283
20170 39.0007
20180 37.9021
20190 36.832
20200 35.79
20210 34.7755
20220 33.788
20230 32.8268
20240 31.8915
20250 30.9814
20260 30.0961
20270 29.2349
20280 28.3974
20290 27.5829
20300 26.7909
20310 26.0209
20320 25.2724
20330 24.5447
20340 23.8374
20350 23.15
20360 22.482
20370 21.8328
20380 21.202
20390 20.5892
20400 19.9937
20410 19.4152
20420 18.8533
20430 18.3074
20440 17.7771
20450 17.2621
20460 16.7619
20470 16.2762
20480 15.8044
20490 15.3463
20500 14.9014
20510 14.4694
20520 14.05
20530 13.6427
20540 13.2473
20550 12.8634
20560 12.4907
20570 12.1289
20580 11.7777
20590 11.4367
20600 11.1058
20610 10.7846
20620 10.4728
20630 10.1702
20640 9.87651
20650 9.5915
20660 9.31491
20670 9.04652
20680 8.78608
20690 8.53338
20700 8.2882
20710 8.05034
20720 7.81958
20730 7.59574
20740 7.37861
20750 7.16802
20760 6.96378
20770 6.76572
20780 6.57368
20790 6.38748
20800 6.20698
20810 6.03202
20820 5.86245
20830 5.69813
20840 5.53892
20850 5.38469
20860 5.23532
20870 5.09068
20880 4.95066
20890 4.81514
20900 4.68401
20910 4.55716
20920 4.43451
20930 4.31596
20940 4.20141
20950 4.09079
20960 3.98401
20970 3.88099
20980 3.78168
20990 3.68599
21000 3.59388
21010 3.50529
21020 3.42016
21030 3.33846
21040 3.26015
21050 3.18519
21060 3.11356
21070 3.04524
21080 2.98021
21090 2.91847
21100 2.86003
21110 2.80488
21120 2.75304
21130 2.70454
21140 2.65942
21150 2.61771
21160 2.57947
21170 2.54476
21180 2.51365
21190 2.48623
21200 2.46259
21210 2.44284
21220 2.42711
21230 2.41553
21240 2.40826
21250 2.40545
21260 2.4073
21270 2.414
21280 2.42578
21290 2.44286
21300 2.46552
21310 2.49402
21320 2.52867
21330 2.56978
21340 2.61771
21350 2.67282
21360 2.73551
21370 2.8062
21380 2.88533
21390 2.97337
21400 3.07082
21410 3.1782
21420 3.29608
21430 3.42501
21440 3.56562
21450 3.71853
21460 3.88438
21470 4.06387
21480 4.25769
21490 4.46656
21500 4.69122
21510 4.93242
21520 5.19092
21530 5.46751
21540 5.76297
21550 6.07808
21560 6.41363
21570 6.7704
21580 7.14914
21590 7.55063
21600 7.97558
21610 8.42472
21620 8.89871
21630 9.39822
21640 9.92384
21650 10.4761
21660 11.0556
21670 11.6628
21680 12.2981
21690 12.9617
21700 13.6542
21710 14.3756
21720 15.1261
21730 15.9059
21740 16.715
21750 17.5533
21760 18.4208
21770 19.3174
21780 20.2427
21790 21.1965
21800 22.1785
21810 23.1883
21820 24.2253
21830 25.2891
21840 26.3791
21850 27.4945
21860 28.6349
21870 29.7993
21880 30.9871
21890 32.1974
21900 33.4294
21910 34.6821
21920 35.9546
21930 37.2461
21940 38.5554
21950 39.8816
21960 41.2236
21970 42.5805
21980 43.9511
21990 45.3343
22000 46.7292
22010 48.1345
22020 49.5492
22030 50.9722
22040 52.4024
22050 53.8388
22060 55.2802
22070 56.7255
22080 58.1737
22090 59.6238
22100 61.0747
22110 62.5254
22120 63.9748
22130 65.4221
22140 66.8661
22150 68.3061
22160 69.741
22170 71.1699
22180 72.592
22190 74.0064
22200 75.4123
22210 76.8088
22220 78.1952
22230 79.5707
22240 80.9346
22250 82.2861
22260 83.6245
22270 84.9492
22280 86.2595
22290 87.5548
22300 88.8344
22310 90.0977
22320 91.3441
22330 92.5732
22340 93.7841
22350 94.9765
22360 96.1498
22370 97.3034
22380 98.4367
22390 99.5493
22400 100.64
22410 101.71
22420 102.757
22430 103.78
22440 104.78
22450 105.756
22460 106.706
22470 107.631
22480 108.529
22490 109.4
22500 110.243
22510 111.057
22520 111.84
22530 112.592
22540 113.312
22550 113.997
22560 114.648
22570 115.262
22580 115.837
22590 116.372
22600 116.864
22610 117.312
22620 117.713
22630 118.064
22640 118.363
22650 118.607
22660 118.793
22670 118.918
22680 118.978
22690 118.97
22700 118.892
22710 118.738
22720 118.506
22730 118.194
22740 117.798
22750 117.315
22760 116.744
22770 116.083
22780 115.331
22790 114.487
22800 113.553
22810 112.528
22820 111.415
22830 110.216
22840 108.934
22850 107.574
22860 106.14
22870 104.636
22880 103.069
22890 101.444
22900 99.7672
22910 98.0446
22920 96.2825
22930 94.4869
22940 92.6639
22950 90.8193
22960 88.9587
22970 87.0873
22980 85.2102
22990 83.3319
23000 81.4568
23010 79.5888
23020 77.7316
23030 75.8882
23040 74.0617
23050 72.2547
23060 70.4694
23070 68.7078
23080 66.9717
23090 65.2627
23100 63.5819
23110 61.9304
23120 60.3091
23130 58.7187
23140 57.1597
23150 55.6326
23160 54.1376
23170 52.6748
23180 51.2445
23190 49.8464
23200 48.4805
23210 47.1466
23220 45.8445
23230 44.5739
23240 43.3344
23250 42.1257
23260 40.9473
23270 39.7988
23280 38.6796
23290 37.5894
23300 36.5276
23310 35.4936
23320 34.487
23330 33.5071
23340 32.5535
23350 31.6256
23360 30.7227
23370 29.8444
23380 28.9902
23390 28.1593
23400 27.3514
23410 26.5658
23420 25.8021
23430 25.0596
23440 24.3379
23450 23.6364
23460 22.9546
23470 22.2921
23480 21.6483
23490 21.0227
23500 20.4149
23510 19.8244
23520 19.2507
23530 18.6934
23540 18.1521
23550 17.6263
23560 17.1156
23570 16.6196
23580 16.1379
23590 15.6701
23600 15.2158
23610 14.7747
23620 14.3464
23630 13.9305
23640 13.5267
23650 13.1346
23660 12.754
23670 12.3845
23680 12.0258
23690 11.6776
23700 11.3395
23710 11.0114
23720 10.693
23730 10.3839
23740 10.0839
23750 9.79271
23760 9.51016
23770 9.23597
23780 8.9699
23790 8.71173
23800 8.46123
23810 8.21819
23820 7.98241
23830 7.75367
23840 7.53179
23850 7.31658
23860 7.10785
23870 6.90542
23880 6.70913
23890 6.5188
23900 6.33427
23910 6.15539
23920 5.98201
23930 5.81398
23940 5.65116
23950 5.49342
23960 5.34062
23970 5.19264
23980 5.04936
23990 4.91066
24000 4.77642
24010 4.64655
24020 4.52095
24030 4.3995
24040 4.28213
24050 4.16874
24060 4.05925
24070 3.95358
24080 3.85166
24090 3.75341
24100 3.65879
24110 3.56772
24120 3.48015
24130 3.39604
24140 3.31535
24150 3.23803
24160 3.16406
24170 3.09342
24180 3.02608
24190 2.96203
24200 2.90127
24210 2.84381
24220 2.78966
24230 2.73882
24240 2.69134
24250 2.64724
24260 2.60658
24270 2.5694
24280 2.53578
24290 2.50578
24300 2.4795
24310 2.45705
24320 2.43852
24330 2.42405
24340 2.41378
24350 2.40787
24360 2.40649
24370 2.40982
24380 2.41808
24390 2.43148
24400 2.45028
24410 2.47473
24420 2.50513
24430 2.54177
24440 2.58499
24450 2.63514
24460 2.6926
24470 2.75777
24480 2.83108
24490 2.91298
24500 3.00396
24510 3.10451
24520 3.21518
24530 3.33653
24540 3.46914
24550 3.61362
24560 3.77062
24570 3.94079
24580 4.12483
24590 4.32345
24600 4.53736
24610 4.76732
24620 5.01409
24630 5.27844
24640 5.56115
24650 5.86301
24660 6.1848
24670 6.52732
24680 6.89135
24690 7.27764
24700 7.68695
24710 8.12002
24720 8.57755
24730 9.06021
24740 9.56864
24750 10.1034
24760 10.6652
24770 11.2543
24780 11.8713
24790 12.5167
24800 13.1906
24810 13.8934
24820 14.6254
24830 15.3866
24840 16.1772
24850 16.9972
24860 17.8465
24870 18.725
24880 19.6325
24890 20.5689
24900 21.5337
24910 22.5266
24920 23.5472
24930 24.595
24940 25.6694
24950 26.7698
24960 27.8956
24970 29.046
24980 30.2203
24990 31.4178
25000 32.6375
25010 33.8786
25020 35.1402
25030 36.4213
25040 37.721
25050 39.0382
25060 40.372
25070 41.7212
25080 43.0849
25090 44.4619
25100 45.8512
25110 47.2517
25120 48.6623
25130 50.0819
25140 51.5093
25150 52.9436
25160 54.3835
25170 55.8281
25180 57.2762
25190 58.7268
25200 60.1788
25210 61.6313
25220 63.0831
25230 64.5332
25240 65.9808
25250 67.4248
25260 68.8643
25270 70.2984
25280 71.7262
25290 73.1467
25300 74.5592
25310 75.9629
25320 77.3569
25330 78.7404
25340 80.1127
25350 81.473
25360 82.8207
25370 84.1551
25380 85.4754
25390 86.7811
25400 88.0714
25410 89.3459
25420 90.6038
25430 91.8446
25440 93.0678
25450 94.2727
25460 95.4588
25470 96.6255
25480 97.7724
25490 98.8988
25500 100.004
25510 101.088
25520 102.15
25530 103.189
25540 104.205
25550 105.197
25560 106.164
25570 107.106
25580 108.022
25590 108.911
25600 109.773
25610 110.606
25620 111.41
25630 112.183
25640 112.925
25650 113.634
25660 114.308
25670 114.947
25680 115.549
25690 116.111
25700 116.633
25710 117.112
25720 117.545
25730 117.931
25740 118.267
25750 118.55
25760 118.776
25770 118.944
25780 119.05
25790 119.09
25800 119.061
25810 118.96
25820 118.783
25830 118.528
25840 118.191
25850 117.769
25860 117.26
25870 116.662
25880 115.974
25890 115.194
25900 114.323
25910 113.36
25920 112.309
25930 111.169
25940 109.944
25950 108.638
25960 107.254
25970 105.798
25980 104.273
25990 102.687
26000 101.045
26010 99.3521
26020 97.6155
26030 95.8412
26040 94.0352
26050 92.2034
26060 90.3517
26070 88.4856
26080 86.6102
26090 84.7304
26100 82.8508
26110 80.9756
26120 79.1086
26130 77.2533
26140 75.4129
26150 73.5901
26160 71.7876
26170 70.0074
26180 68.2515
26190 66.5217
26200 64.8192
26210 63.1454
26220 61.5012
26230 59.8875
26240 58.3049
26250 56.7539
26260 55.2348
26270 53.748
26280 52.2935
26290 50.8714
26300 49.4816
26310 48.124
26320 46.7984
26330 45.5045
26340 44.242
26350 43.0106
26360 41.8098
26370 40.6392
26380 39.4985
26390 38.387
26400 37.3042
26410 36.2498
26420 35.2231
26430 34.2235
26440 33.2507
26450 32.3039
26460 31.3826
26470 30.4863
26480 29.6145
26490 28.7665
26500 27.9417
26510 27.1398
26520 26.3601
26530 25.602
26540 24.8651
26550 24.1488
26560 23.4526
26570 22.776
26580 22.1185
26590 21.4796
26600 20.8588
26610 20.2556
26620 19.6696
26630 19.1004
26640 18.5474
26650 18.0102
26660 17.4885
26670 16.9818
26680 16.4896
26690 16.0117
26700 15.5475
26710 15.0968
26720 14.6591
26730 14.2341
26740 13.8215
26750 13.4209
26760 13.0319
26770 12.6543
26780 12.2877
26790 11.9318
26800 11.5863
26810 11.251
26820 10.9255
26830 10.6095
26840 10.3029
26850 10.0053
26860 9.71645
26870 9.43616
26880 9.16416
26890 8.90022
26900 8.64412
26910 8.39563
26920 8.15455
26930 7.92067
26940 7.69379
26950 7.47371
26960 7.26025
26970 7.05322
26980 6.85245
26990 6.65776
27000 6.469
27010 6.286
27020 6.1086
27030 5.93667
27040 5.77004
27050 5.6086
27060 5.45219
27070 5.30069
27080 5.15398
27090 5.01193
27100 4.87443
27110 4.74138
27120 4.61266
27130 4.48818
27140 4.36783
27150 4.25153
27160 4.13919
27170 4.03073
27180 3.92608
27190 3.82515
27200 3.72788
27210 3.63421
27220 3.54409
27230 3.45745
27240 3.37426
27250 3.29448
27260 3.21806
27270 3.14499
27280 3.07524
27290 3.00878
27300 2.94562
27310 2.88576
27320 2.82918
27330 2.77592
27340 2.72599
27350 2.67942
27360 2.63624
27370 2.59651
27380 2.56029
27390 2.52764
27400 2.49865
27410 2.47339
27420 2.45199
27430 2.43455
27440 2.42121
27450 2.41211
27460 2.40741
27470 2.40729
27480 2.41194
27490 2.42158
27500 2.43643
27510 2.45674
27520 2.48278
27530 2.51484
27540 2.55324
27550 2.59832
27560 2.65042
27570 2.70994
27580 2.77728
27590 2.85289
27600 2.93721
27610 3.03074
27620 3.13399
27630 3.24751
27640 3.37185
27650 3.50762
27660 3.65544
27670 3.81594
27680 3.9898
27690 4.17771
27700 4.38039
27710 4.59856
27720 4.83298
27730 5.08441
27740 5.35362
27750 5.64139
27760 5.94852
27770 6.27579
27780 6.62398
27790 6.99386
27800 7.38621
27810 7.80177
27820 8.24125
27830 8.70535
27840 9.19475
27850 9.71006
27860 10.2519
27870 10.8207
27880 11.4171
27890 12.0414
27900 12.6942
27910 13.3755
27920 14.0858
27930 14.8253
27940 15.594
27950 16.3921
27960 17.2195
27970 18.0761
27980 18.9619
27990 19.8767
28000 20.8201
28010 21.7919
28020 22.7917
28030 23.819
28040 24.8733
28050 25.954
28060 27.0606
28070 28.1923
28080 29.3485
28090 30.5283
28100 31.731
28110 32.9558
28120 34.2016
28130 35.4677
28140 36.7531
28150 38.0568
28160 39.3777
28170 40.7149
28180 42.0673
28190 43.4338
28200 44.8135
28210 46.2051
28220 47.6076
28230 49.02
28240 50.441
28250 51.8697
28260 53.3048
28270 54.7455
28280 56.1904
28290 57.6387
28300 59.0891
28310 60.5408
28320 61.9926
28330 63.4435
28340 64.8925
28350 66.3388
28360 67.7812
28370 69.2189
28380 70.651
28390 72.0765
28400 73.4946
28410 74.9045
28420 76.3054
28430 77.6963
28440 79.0767
28450 80.4456
28460 81.8025
28470 83.1465
28480 84.477
28490 85.7933
28500 87.0948
28510 88.3809
28520 89.6509
28530 90.9043
28540 92.1404
28550 93.3587
28560 94.5586
28570 95.7396
28580 96.9011
28590 98.0426
28600 99.1635
28610 100.263
28620 101.341
28630 102.397
28640 103.43
28650 104.44
28660 105.425
28670 106.386
28680 107.321
28690 108.23
28700 109.112
28710 109.966
28720 110.791
28730 111.587
28740 112.352
28750 113.085
28760 113.785
28770 114.45
28780 115.079
28790 115.67
28800 116.222
28810 116.732
28820 117.199
28830 117.62
28840 117.992
28850 118.313
28860 118.581
28870 118.792
28880 118.943
28890 119.031
28900 119.052
28910 119.004
28920 118.883
28930 118.685
28940 118.407
28950 118.047
28960 117.601
28970 117.068
28980 116.445
28990 115.732
29000 114.927
29010 114.031
29020 113.044
29030 111.968
29040 110.805
29050 109.557
29060 108.23
29070 106.826
29080 105.35
29090 103.809
29100 102.207
29110 100.551
29120 98.8461
29130 97.0991
29140 95.316
29150 93.503
29160 91.6658
29170 89.8102
29180 87.9417
29190 86.0653
29200 84.1858
29210 82.3077
29220 80.4351
29230 78.5717
29240 76.7208
29250 74.8857
29260 73.0689
29270 71.2729
29280 69.4999
29290 67.7516
29300 66.0298
29310 64.3357
29320 62.6705
29330 61.0352
29340 59.4306
29350 57.8571
29360 56.3154
29370 54.8057
29380 53.3283
29390 51.8832
29400 50.4705
29410 49.09
29420 47.7417
29430 46.4252
29440 45.1404
29450 43.8869
29460 42.6644
29470 41.4723
29480 40.3104
29490 39.1781
29500 38.0749
29510 37.0003
29520 35.9539
29530 34.935
29540 33.9432
29550 32.9778
29560 32.0384
29570 31.1244
29580 30.2351
29590 29.3702
29600 28.5289
29610 27.7107
29620 26.9152
29630 26.1417
29640 25.3898
29650 24.6588
29660 23.9483
29670 23.2577
29680 22.5866
29690 21.9345
29700 21.3008
29710 20.6851
29720 20.0869
29730 19.5057
29740 18.9411
29750 18.3927
29760 17.86
29770 17.3426
29780 16.8401
29790 16.352
29800 15.878
29810 15.4177
29820 14.9708
29830 14.5368
29840 14.1153
29850 13.7062
29860 13.3089
29870 12.9232
29880 12.5487
29890 12.1852
29900 11.8323
29910 11.4898
29920 11.1573
29930 10.8345
29940 10.5212
29950 10.2172
29960 9.92212
29970 9.63575
29980 9.35784
29990 9.08816
30000 8.82648
30010 8.57257
30020 8.32622
30030 8.08721
30040 7.85534
30050 7.63041
30060 7.41224
30070 7.20062
30080 6.9954
30090 6.79637
30100 6.60339
30110 6.41629
30120 6.2349
30130 6.05907
30140 5.88866
30150 5.72352
30160 5.56352
30170 5.40852
30180 5.2584
30190 5.11303
30200 4.97228
30210 4.83606
30220 4.70425
30230 4.57675
30240 4.45345
30250 4.33426
30260 4.2191
30270 4.10787
30280 4.0005
30290 3.8969
30300 3.79702
30310 3.70078
30320 3.60812
30330 3.51899
30340 3.43334
30350 3.35112
30360 3.27229
30370 3.19682
30380 3.12469
30390 3.05587
30400 2.99035
30410 2.92812
30420 2.86918
30430 2.81354
30440 2.76121
30450 2.71222
30460 2.6666
30470 2.62439
30480 2.58564
30490 2.55041
30500 2.51878
30510 2.49083
30520 2.46664
30530 2.44634
30540 2.43003
30550 2.41786
30560 2.40997
30570 2.40653
30580 2.40772
30590 2.41374
30600 2.42481
30610 2.44115
30620 2.46303
30630 2.49072
30640 2.52452
30650 2.56474
30660 2.61173
30670 2.66586
30680 2.72751
30690 2.79711
30700 2.87509
30710 2.96193
30720 3.05811
30730 3.16416
30740 3.28063
30750 3.40809
30760 3.54715
30770 3.69843
30780 3.86258
30790 4.04028
30800 4.23223
30810 4.43915
30820 4.66177
30830 4.90085
30840 5.15715
30850 5.43146
30860 5.72455
30870 6.03722
30880 6.37025
30890 6.72442
30900 7.1005
30910 7.49926
30920 7.92143
30930 8.36773
30940 8.83885
30950 9.33544
30960 9.85811
30970 10.4074
30980 10.984
30990 11.5882
31000 12.2204
31010 12.8812
31020 13.5707
31030 14.2892
31040 15.0368
31050 15.8138
31060 16.6202
31070 17.4558
31080 18.3207
31090 19.2148
31100 20.1377
31110 21.0892
31120 22.069
31130 23.0766
31140 24.1116
31150 25.1735
31160 26.2616
31170 27.3755
31180 28.5142
31190 29.6773
31200 30.8638
31210 32.0729
31220 33.3038
31230 34.5556
31240 35.8273
31250 37.1181
31260 38.4269
31270 39.7526
31280 41.0943
31290 42.451
31300 43.8215
31310 45.2048
31320 46.5997
31330 48.0053
31340 49.4203
31350 50.8438
31360 52.2745
31370 53.7115
31380 55.1536
31390 56.5997
31400 58.0489
31410 59.4999
31420 60.9518
31430 62.4036
31440 63.8542
31450 65.3027
31460 66.7481
31470 68.1894
31480 69.6258
31490 71.0562
31500 72.4798
31510 73.8958
31520 75.3034
31530 76.7016
31540 78.0897
31550 79.467
31560 80.8327
31570 82.1861
31580 83.5265
31590 84.8531
31600 86.1654
31610 87.4627
31620 88.7444
31630 90.0099
31640 91.2585
31650 92.4897
31660 93.7029
31670 94.8976
31680 96.0732
31690 97.2292
31700 98.365
31710 99.48
31720 100.574
31730 101.646
31740 102.695
31750 103.722
31760 104.724
31770 105.703
31780 106.657
31790 107.584
31800 108.486
31810 109.36
31820 110.207
31830 111.024
31840 111.811
31850 112.567
31860 113.291
31870 113.981
31880 114.636
31890 115.255
31900 115.835
31910 116.376
31920 116.874
31930 117.328
31940 117.736
31950 118.094
31960 118.401
31970 118.653
31980 118.848
31990 118.981
32000 119.051
32010 119.053
32020 118.985
32030 118.843
32040 118.623
32050 118.322
32060 117.939
32070 117.469
32080 116.911
32090 116.263
32100 115.524
32110 114.694
32120 113.772
32130 112.76
32140 111.659
32150 110.472
32160 109.202
32170 107.853
32180 106.428
32190 104.934
32200 103.375
32210 101.757
32220 100.086
32230 98.3692
32240 96.6113
32250 94.8191
32260 92.9986
32270 91.1556
32280 89.2957
32290 87.4243
32300 85.5464
32310 83.6668
32320 81.7896
32330 79.919
32340 78.0586
32350 76.2117
32360 74.3813
32370 72.5699
32380 70.78
32390 69.0136
32400 67.2724
32410 65.5581
32420 63.8718
32430 62.2148
32440 60.5878
32450 58.9917
32460 57.427
32470 55.894
32480 54.3932
32490 52.9247
32500 51.4886
32510 50.0847
32520 48.7132
32530 47.3737
32540 46.066
32550 44.7899
32560 43.545
32570 42.3309
32580 41.1472
32590 39.9935
32600 38.8693
32610 37.7741
32620 36.7074
32630 35.6686
32640 34.6573
32650 33.6729
32660 32.7148
32670 31.7824
32680 30.8753
32690 29.9928
32700 29.1345
32710 28.2997
32720 27.4878
32730 26.6985
32740 25.931
32750 25.1849
32760 24.4597
32770 23.7548
32780 23.0696
32790 22.4038
32800 21.7569
32810 21.1282
32820 20.5174
32830 19.9239
32840 19.3474
32850 18.7874
32860 18.2433
32870 17.7149
32880 17.2017
32890 16.7032
32900 16.2191
32910 15.7489
32920 15.2924
32930 14.849
32940 14.4186
32950 14.0006
32960 13.5947
32970 13.2007
32980 12.8181
32990 12.4468
33000 12.0862
33010 11.7362
33020 11.3965
33030 11.0667
33040 10.7466
33050 10.436
33060 10.1344
33070 9.84178
33080 9.55778
33090 9.28218
33100 9.01474
33110 8.75524
33120 8.50345
33130 8.25915
33140 8.02215
33150 7.79222
33160 7.56919
33170 7.35285
33180 7.14303
33190 6.93954
33200 6.74221
33210 6.55088
33220 6.36537
33230 6.18554
33240 6.01124
33250 5.84231
33260 5.67861
33270 5.52001
33280 5.36638
33290 5.21758
33300 5.07351
33310 4.93403
33320 4.79905
33330 4.66844
33340 4.54212
33350 4.41997
33360 4.30191
33370 4.18785
33380 4.0777
33390 3.97138
33400 3.86883
33410 3.76996
33420 3.67473
33430 3.58305
33440 3.4949
33450 3.4102
33460 3.32893
33470 3.25104
33480 3.17651
33490 3.1053
33500 3.0374
33510 2.97279
33520 2.91148
33530 2.85346
33540 2.79874
33550 2.74734
33560 2.69929
33570 2.65461
33580 2.61336
33590 2.57559
33600 2.54136
33610 2.51075
33620 2.48384
33630 2.46072
33640 2.44153
33650 2.42636
33660 2.41538
33670 2.40872
33680 2.40656
33690 2.40908
33700 2.41649
33710 2.42901
33720 2.44688
33730 2.47036
33740 2.49973
33750 2.5353
33760 2.57738
33770 2.62634
33780 2.68254
33790 2.74638
33800 2.81828
33810 2.8987
33820 2.98811
33830 3.08701
33840 3.19593
33850 3.31543
33860 3.44608
33870 3.58851
33880 3.74333
33890 3.91122
33900 4.09285
33910 4.28894
33920 4.50019
33930 4.72735
33940 4.97119
33950 5.23247
33960 5.51198
33970 5.81049
33980 6.12879
33990 6.46768
34000 6.82793
34010 7.2103
34020 7.61556
34030 8.04444
34040 8.49764
34050 8.97585
34060 9.4797
34070 10.0098
34080 10.5667
34090 11.151
34100 11.763
34110 12.4033
34120 13.072
34130 13.7697
34140 14.4963
34150 15.2522
34160 16.0375
34170 16.8521
34180 17.696
34190 18.5691
34200 19.4712
34210 20.4022
34220 21.3617
34230 22.3493
34240 23.3647
34250 24.4073
34260 25.4766
34270 26.5721
34280 27.693
34290 28.8387
34300 30.0084
34310 31.2013
34320 32.4166
34330 33.6535
34340 34.911
34350 36.1882
34360 37.4841
34370 38.7977
34380 40.1281
34390 41.4741
34400 42.8348
34410 44.209
34420 45.5956
34430 46.9937
34440 48.402
34450 49.8195
34460 51.2451
34470 52.6777
34480 54.1163
34490 55.5596
34500 57.0067
34510 58.4564
34520 59.9078
34530 61.3598
34540 62.8114
34550 64.2615
34560 65.7092
34570 67.1535
34580 68.5935
34590 70.0283
34600 71.4569
34610 72.8785
34620 74.2922
34630 75.6972
34640 77.0927
34650 78.4778
34660 79.852
34670 81.2143
34680 82.5641
34690 83.9006
34700 85.2233
34710 86.5315
34720 87.8244
34730 89.1016
34740 90.3624
34750 91.6062
34760 92.8324
34770 94.0405
34780 95.2299
34790 96.4
34800 97.5504
34810 98.6804
34820 99.7895
34830 100.877
34840 101.943
34850 102.986
34860 104.006
34870 105.002
34880 105.973
34890 106.92
34900 107.841
34910 108.734
34920 109.601
34930 110.439
34940 111.248
34950 112.027
34960 112.774
34970 113.488
34980 114.169
34990 114.814
35000 115.422
35010 115.992
35020 116.52
35030 117.007
35040 117.448
35050 117.842
35060 118.186
35070 118.478
35080 118.714
35090 118.892
35100 119.008
35110 119.059
35120 119.042
35130 118.953
35140 118.79
35150 118.548
35160 118.224
35170 117.816
35180 117.322
35190 116.739
35200 116.066
35210 115.301
35220 114.445
35230 113.498
35240 112.461
35250 111.336
35260 110.126
35270 108.833
35280 107.462
35290 106.017
35300 104.504
35310 102.928
35320 101.295
35330 99.6109
35340 97.8816
35350 96.1136
35360 94.3129
35370 92.4855
35380 90.6372
35390 88.7736
35400 86.8999
35410 85.021
35420 83.1416
35430 81.2659
35440 79.3978
35450 77.5409
35460 75.6983
35470 73.8729
35480 72.0674
35490 70.2838
35500 68.5243
35510 66.7905
35520 65.0839
35530 63.4057
35540 61.7569
35550 60.1386
35560 58.5512
35570 56.9953
35580 55.4713
35590 53.9795
35600 52.5201
35610 51.093
35620 49.6982
35630 48.3356
35640 47.005
35650 45.7062
35660 44.4388
35670 43.2026
35680 41.997
35690 40.8218
35700 39.6764
35710 38.5603
35720 37.4732
35730 36.4143
35740 35.3833
35750 34.3795
35760 33.4025
35770 32.4516
35780 31.5264
35790 30.6262
35800 29.7506
35810 28.8988
35820 28.0705
35830 27.265
35840 26.4818
35850 25.7204
35860 24.9802
35870 24.2607
35880 23.5613
35890 22.8817
35900 22.2212
35910 21.5794
35920 20.9557
35930 20.3498
35940 19.7612
35950 19.1893
35960 18.6338
35970 18.0941
35980 17.57
35990 17.0609
36000 16.5665
36010 16.0863
36020 15.62
36030 15.1672
36040 14.7275
36050 14.3005
36060 13.886
36070 13.4835
36080 13.0927
36090 12.7133
36100 12.3449
36110 11.9874
36120 11.6403
36130 11.3034
36140 10.9763
36150 10.6589
36160 10.3508
36170 10.0518
36180 9.76157
36190 9.47995
36200 9.20665
36210 8.94145
36220 8.68412
36230 8.43445
36240 8.19221
36250 7.9572
36260 7.72923
36270 7.50808
36280 7.29358
36290 7.08555
36300 6.8838
36310 6.68816
36320 6.49847
36330 6.31457
36340 6.1363
36350 5.9635
36360 5.79605
36370 5.63379
36380 5.47659
36390 5.32432
36400 5.17686
36410 5.03408
36420 4.89587
36430 4.76212
36440 4.63272
36450 4.50757
36460 4.38658
36470 4.26964
36480 4.15668
36490 4.04761
36500 3.94235
36510 3.84083
36520 3.74299
36530 3.64875
36540 3.55807
36550 3.47088
36560 3.38715
36570 3.30682
36580 3.22987
36590 3.15627
36600 3.08598
36610 3.019
36620 2.95532
36630 2.89492
36640 2.83782
36650 2.78403
36660 2.73356
36670 2.68644
36680 2.64272
36690 2.60244
36700 2.56565
36710 2.53241
36720 2.50282
36730 2.47696
36740 2.45493
36750 2.43684
36760 2.42283
36770 2.41303
36780 2.40761
36790 2.40673
36800 2.4106
36810 2.41941
36820 2.43339
36830 2.4528
36840 2.47789
36850 2.50896
36860 2.5463
36870 2.59027
36880 2.6412
36890 2.69949
36900 2.76553
36910 2.83976
36920 2.92263
36930 3.01463
36940 3.11626
36950 3.22807
36960 3.35061
36970 3.48448
36980 3.6303
36990 3.78869
37000 3.96034
37010 4.14592
37020 4.34615
37030 4.56176
37040 4.79349
37050 5.0421
37060 5.30838
37070 5.59309
37080 5.89703
37090 6.22098
37100 6.56573
37110 6.93206
37120 7.32073
37130 7.73248
37140 8.16806
37150 8.62815
37160 9.11343
37170 9.62452
37180 10.162
37190 10.7265
37200 11.3184
37210 11.9383
37220 12.5864
37230 13.2632
37240 13.9689
37250 14.7036
37260 15.4677
37270 16.2611
37280 17.0838
37290 17.9358
37300 18.817
37310 19.7272
37320 20.6661
37330 21.6335
37340 22.6289
37350 23.6518
37360 24.7019
37370 25.7786
37380 26.8811
37390 28.009
37400 29.1614
37410 30.3376
37420 31.5368
37430 32.7582
37440 34.0009
37450 35.2639
37460 36.5464
37470 37.8473
37480 39.1657
37490 40.5005
37500 41.8507
37510 43.2152
37520 44.5929
37530 45.9828
37540 47.3838
37550 48.7948
37560 50.2147
37570 51.6423
37580 53.0766
37590 54.5166
37600 55.9611
37610 57.409
37620 58.8593
37630 60.3109
37640 61.7629
37650 63.2141
37660 64.6637
37670 66.1105
37680 67.5537
37690 68.9923
37700 70.4255
37710 71.8522
37720 73.2717
37730 74.683
37740 76.0854
37750 77.4781
37760 78.8603
37770 80.2312
37780 81.5901
37790 82.9362
37800 84.269
37810 85.5877
37820 86.8917
37830 88.1803
37840 89.453
37850 90.7091
37860 91.9481
37870 93.1693
37880 94.3722
37890 95.5563
37900 96.721
37910 97.8658
37920 98.99
37930 100.093
37940 101.175
37950 102.234
37960 103.271
37970 104.284
37980 105.274
37990 106.238
38000 107.178
38010 108.091
38020 108.977
38030 109.836
38040 110.666
38050 111.467
38060 112.237
38070 112.975
38080 113.68
38090 114.351
38100 114.986
38110 115.584
38120 116.142
38130 116.659
38140 117.133
38150 117.561
38160 117.942
38170 118.271
38180 118.548
38190 118.768
38200 118.929
38210 119.028
38220 119.06
38230 119.024
38240 118.914
38250 118.729
38260 118.464
38270 118.118
38280 117.686
38290 117.167
38300 116.559
38310 115.861
38320 115.071
38330 114.189
38340 113.217
38350 112.155
38360 111.006
38370 109.772
38380 108.457
38390 107.065
38400 105.601
38410 104.07
38420 102.477
38430 100.829
38440 99.1318
38450 97.3911
38460 95.6133
38470 93.8046
38480 91.9708
38490 90.1177
38500 88.2508
38510 86.3752
38520 84.4958
38530 82.617
38540 80.7431
38550 78.8778
38560 77.0246
38570 75.1865
38580 73.3665
38590 71.5668
38600 69.7898
38610 68.0373
38620 66.311
38630 64.6122
38640 62.9421
38650 61.3018
38660 59.692
38670 58.1134
38680 56.5664
38690 55.0514
38700 53.5687
38710 52.1182
38720 50.7001
38730 49.3144
38740 47.9607
38750 46.6391
38760 45.3491
38770 44.0904
38780 42.8628
38790 41.6658
38800 40.4989
38810 39.3618
38820 38.2538
38830 37.1746
38840 36.1236
38850 35.1002
38860 34.104
38870 33.1343
38880 32.1907
38890 31.2725
38900 30.3792
38910 29.5103
38920 28.6652
38930 27.8433
38940 27.0441
38950 26.267
38960 25.5115
38970 24.7772
38980 24.0633
38990 23.3696
39000 22.6953
39010 22.0401
39020 21.4034
39030 20.7847
39040 20.1837
39050 19.5998
39060 19.0325
39070 18.4815
39080 17.9462
39090 17.4263
39100 16.9214
39110 16.431
39120 15.9547
39130 15.4922
39140 15.0431
39150 14.607
39160 14.1835
39170 13.7724
39180 13.3731
39190 12.9856
39200 12.6093
39210 12.244
39220 11.8894
39230 11.5452
39240 11.211
39250 10.8867
39260 10.5719
39270 10.2664
39280 9.96985
39290 9.68207
39300 9.40279
39310 9.13178
39320 8.8688
39330 8.61363
39340 8.36605
39350 8.12586
39360 7.89283
39370 7.66678
39380 7.44751
39390 7.23484
39400 7.02858
39410 6.82855
39420 6.63459
39430 6.44653
39440 6.26422
39450 6.08749
39460 5.9162
39470 5.75021
39480 5.58938
39490 5.43357
39500 5.28266
39510 5.13652
39520 4.99503
39530 4.85807
39540 4.72555
39550 4.59734
39560 4.47337
39570 4.35351
39580 4.2377
39590 4.12583
39600 4.01783
39610 3.91363
39620 3.81314
39630 3.71631
39640 3.62307
39650 3.53337
39660 3.44715
39670 3.36437
39680 3.28499
39690 3.20898
39700 3.1363
39710 3.06695
39720 3.00089
39730 2.93812
39740 2.87864
39750 2.82247
39760 2.7696
39770 2.72006
39780 2.67389
39790 2.63112
39800 2.59181
39810 2.556
39820 2.52378
39830 2.49522
39840 2.47042
39850 2.44948
39860 2.43252
39870 2.41967
39880 2.41107
39890 2.4069
39900 2.40733
39910 2.41256
39920 2.42279
39930 2.43826
39940 2.45923
39950 2.48596
39960 2.51875
39970 2.55791
39980 2.60379
39990 2.65674
40000 2.71715
40010 2.78543
40020 2.86203
40030 2.9474
40040 3.04204
40050 3.14646
40060 3.26121
40070 3.38686
40080 3.524
40090 3.67327
40100 3.8353
40110 4.01077
40120 4.20037
40130 4.40482
40140 4.62486
40150 4.86123
40160 5.1147
40170 5.38605
40180 5.67606
40190 5.98551
40200 6.3152
40210 6.66591
40220 7.0384
40230 7.43345
40240 7.85179
40250 8.29415
40260 8.76122
40270 9.25365
40280 9.77208
40290 10.3171
40300 10.8892
40310 11.4889
40320 12.1166
40330 12.7727
40340 13.4575
40350 14.1713
40360 14.9143
40370 15.6865
40380 16.4881
40390 17.3191
40400 18.1793
40410 19.0686
40420 19.9869
40430 20.9338
40440 21.909
40450 22.9121
40460 23.9428
40470 25.0003
40480 26.0843
40490 27.194
40500 28.3288
40510 29.488
40520 30.6707
40530 31.8763
40540 33.1037
40550 34.3522
40560 35.6208
40570 36.9085
40580 38.2144
40590 39.5375
40600 40.8767
40610 42.231
40620 43.5993
40630 44.9806
40640 46.3737
40650 47.7777
40660 49.1912
40670 50.6134
40680 52.043
40690 53.4791
40700 54.9204
40710 56.3659
40720 57.8146
40730 59.2654
40740 60.7173
40750 62.1692
40760 63.62
40770 65.0689
40780 66.5149
40790 67.9569
40800 69.3941
40810 70.8255
40820 72.2503
40830 73.6676
40840 75.0765
40850 76.4763
40860 77.8661
40870 79.2452
40880 80.6128
40890 81.9683
40900 83.3108
40910 84.6397
40920 85.9543
40930 87.2541
40940 88.5383
40950 89.8064
40960 91.0578
40970 92.2918
40980 93.508
40990 94.7057
41000 95.8845
41010 97.0436
41020 98.1827
41030 99.3011
41040 100.398
41050 101.474
41060 102.527
41070 103.557
41080 104.564
41090 105.546
41100 106.504
41110 107.436
41120 108.342
41130 109.221
41140 110.072
41150 110.894
41160 111.686
41170 112.447
41180 113.176
41190 113.872
41200 114.533
41210 115.158
41220 115.744
41230 116.291
41240 116.796
41250 117.258
41260 117.673
41270 118.04
41280 118.355
41290 118.616
41300 118.82
41310 118.964
41320 119.044
41330 119.058
41340 119.001
41350 118.871
41360 118.664
41370 118.377
41380 118.006
41390 117.551
41400 117.007
41410 116.374
41420 115.65
41430 114.834
41440 113.927
41450 112.93
41460 111.843
41470 110.67
41480 109.413
41490 108.076
41500 106.664
41510 105.18
41520 103.632
41530 102.023
41540 100.36
41550 98.6503
41560 96.8986
41570 95.1116
41580 93.2953
41590 91.4555
41600 89.598
41610 87.7282
41620 85.851
41630 83.9713
41640 82.0935
41650 80.2216
41660 78.3593
41670 76.51
41680 74.6767
41690 72.8621
41700 71.0686
41710 69.2982
41720 67.5529
41730 65.8341
41740 64.1432
41750 62.4814
41760 60.8495
41770 59.2483
41780 57.6785
41790 56.1404
41800 54.6344
41810 53.1606
41820 51.7192
41830 50.3102
41840 48.9334
41850 47.5887
41860 46.2759
41870 44.9947
41880 43.7447
41890 42.5257
41900 41.3371
41910 40.1786
41920 39.0496
41930 37.9498
41940 36.8785
41950 35.8352
41960 34.8195
41970 33.8307
41980 32.8684
41990 31.9319
42000 31.0207
42010 30.1343
42020 29.2721
42030 28.4335
42040 27.618
42050 26.825
42060 26.054
42070 25.3045
42080 24.5759
42090 23.8677
42100 23.1794
42110 22.5105
42120 21.8605
42130 21.2289
42140 20.6152
42150 20.019
42160 19.4398
42170 18.8771
42180 18.3305
42190 17.7996
42200 17.2839
42210 16.7831
42220 16.2966
42230 15.8243
42240 15.3655
42250 14.9201
42260 14.4875
42270 14.0675
42280 13.6597
42290 13.2638
42300 12.8794
42310 12.5063
42320 12.144
42330 11.7923
42340 11.4509
42350 11.1196
42360 10.7979
42370 10.4857
42380 10.1827
42390 9.88866
42400 9.60327
42410 9.32633
42420 9.05758
42430 8.79681
42440 8.54378
42450 8.29828
42460 8.06011
42470 7.82905
42480 7.60491
42490 7.3875
42500 7.17663
42510 6.97213
42520 6.77381
42530 6.58152
42540 6.39508
42550 6.21434
42560 6.03914
42570 5.86935
42580 5.70481
42590 5.5454
42600 5.39097
42610 5.2414
42620 5.09656
42630 4.95635
42640 4.82064
42650 4.68934
42660 4.56232
42670 4.4395
42680 4.32079
42690 4.20608
42700 4.0953
42710 3.98837
42720 3.88521
42730 3.78575
42740 3.68993
42750 3.59768
42760 3.50896
42770 3.4237
42780 3.34188
42790 3.26344
42800 3.18836
42810 3.11661
42820 3.04818
42830 2.98304
42840 2.92119
42850 2.86263
42860 2.80738
42870 2.75544
42880 2.70684
42890 2.66161
42900 2.6198
42910 2.58146
42920 2.54665
42930 2.51544
42940 2.48792
42950 2.46419
42960 2.44434
42970 2.42851
42980 2.41684
42990 2.40946
43000 2.40656
43010 2.4083
43020 2.4149
43030 2.42658
43040 2.44356
43050 2.4661
43060 2.49449
43070 2.52903
43080 2.57003
43090 2.61784
43100 2.67284
43110 2.7354
43120 2.80596
43130 2.88496
43140 2.97287
43150 3.07019
43160 3.17743
43170 3.29517
43180 3.42396
43190 3.56443
43200 3.71719
43210 3.8829
43220 4.06225
43230 4.25592
43240 4.46465
43250 4.68917
43260 4.93024
43270 5.18862
43280 5.4651
43290 5.76045
43300 6.07548
43310 6.41095
43320 6.76766
43330 7.14638
43340 7.54785
43350 7.97283
43360 8.42201
43370 8.8961
43380 9.39572
43390 9.92151
43400 10.474
43410 11.0538
43420 11.6612
43430 12.2968
43440 12.9609
43450 13.6538
43460 14.3758
43470 15.1269
43480 15.9073
43490 16.7171
43500 17.5562
43510 18.4246
43520 19.322
43530 20.2483
43540 21.2031
43550 22.1862
43560 23.197
43570 24.2352
43580 25.3002
43590 26.3914
43600 27.5082
43610 28.6499
43620 29.8157
43630 31.0049
43640 32.2166
43650 33.45
43660 34.7042
43670 35.9782
43680 37.2711
43690 38.5819
43700 39.9096
43710 41.2531
43720 42.6115
43730 43.9835
43740 45.3682
43750 46.7644
43760 48.1712
43770 49.5872
43780 51.0116
43790 52.4431
43800 53.8807
43810 55.3233
43820 56.7699
43830 58.2193
43840 59.6705
43850 61.1224
43860 62.5741
43870 64.0245
43880 65.4727
43890 66.9176
43900 68.3584
43910 69.794
43920 71.2237
43930 72.6465
43940 74.0615
43950 75.468
43960 76.8651
43970 78.252
43980 79.6279
43990 80.9922
44000 82.3441
44010 83.6829
44020 85.0079
44030 86.3184
44040 87.6139
44050 88.8937
44060 90.1572
44070 91.4038
44080 92.6329
44090 93.844
44100 95.0365
44110 96.2098
44120 97.3634
44130 98.4968
44140 99.6093
44150 100.701
44160 101.77
44170 102.817
44180 103.84
44190 104.84
44200 105.816
44210 106.767
44220 107.691
44230 108.59
44240 109.461
44250 110.304
44260 111.118
44270 111.901
44280 112.654
44290 113.374
44300 114.06
44310 114.711
44320 115.325
44330 115.901
44340 116.436
44350 116.93
44360 117.378
44370 117.78
44380 118.133
44390 118.433
44400 118.679
44410 118.866
44420 118.993
44430 119.055
44440 119.049
44450 118.972
44460 118.821
44470 118.592
44480 118.281
44490 117.888
44500 117.408
44510 116.839
44520 116.181
44530 115.431
44540 114.59
44550 113.658
44560 112.635
44570 111.524
44580 110.327
44590 109.048
44600 107.689
44610 106.256
44620 104.754
44630 103.188
44640 101.564
44650 99.8874
44660 98.165
44670 96.4028
44680 94.607
44690 92.7836
44700 90.9383
44710 89.0769
44720 87.2045
44730 85.3261
44740 83.4466
44750 81.57
44760 79.7004
44770 77.8415
44780 75.9964
44790 74.168
44800 72.3591
44810 70.5718
44820 68.8083
44830 67.0702
44840 65.3591
44850 63.6762
44860 62.0226
44870 60.3993
44880 58.8068
44890 57.2458
44900 55.7166
44910 54.2196
44920 52.7549
44930 51.3225
44940 49.9225
44950 48.5547
44960 47.2189
44970 45.915
44980 44.6425
44990 43.4012
45000 42.1907
45010 41.0106
45020 39.8604
45030 38.7396
45040 37.6478
45050 36.5843
45060 35.5488
45070 34.5407
45080 33.5594
45090 32.6043
45100 31.6749
45110 30.7707
45120 29.8911
45130 29.0355
45140 28.2035
45150 27.3943
45160 26.6075
45170 25.8426
45180 25.099
45190 24.3761
45200 23.6735
45210 22.9907
45220 22.3272
45230 21.6823
45240 21.0558
45250 20.447
45260 19.8556
45270 19.281
45280 18.7229
45290 18.1807
45300 17.6541
45310 17.1426
45320 16.6458
45330 16.1633
45340 15.6948
45350 15.2398
45360 14.798
45370 14.369
45380 13.9525
45390 13.548
45400 13.1553
45410 12.7741
45420 12.404
45430 12.0447
45440 11.696
45450 11.3574
45460 11.0288
45470 10.7098
45480 10.4002
45490 10.0997
45500 9.80811
45510 9.5251
45520 9.25047
45530 8.98397
45540 8.72538
45550 8.47448
45560 8.23105
45570 7.99488
45580 7.76578
45590 7.54354
45600 7.32797
45610 7.1189
45620 6.91614
45630 6.71952
45640 6.52888
45650 6.34404
45660 6.16487
45670 5.9912
45680 5.82288
45690 5.65979
45700 5.50178
45710 5.34872
45720 5.20048
45730 5.05695
45740 4.91801
45750 4.78354
45760 4.65344
45770 4.52761
45780 4.40595
45790 4.28836
45800 4.17476
45810 4.06506
45820 3.95919
45830 3.85707
45840 3.75863
45850 3.66381
45860 3.57255
45870 3.4848
45880 3.40051
45890 3.31964
45900 3.24214
45910 3.16799
45920 3.09717
45930 3.02966
45940 2.96544
45950 2.90451
45960 2.84687
45970 2.79254
45980 2.74153
45990 2.69387
46000 2.64959
46010 2.60874
46020 2.57138
46030 2.53757
46040 2.50738
46050 2.48091
46060 2.45825
46070 2.43951
46080 2.42483
46090 2.41433
46100 2.40819
46110 2.40656
46120 2.40965
46130 2.41764
46140 2.43077
46150 2.44928
46160 2.47343
46170 2.5035
46180 2.53981
46190 2.58268
46200 2.63245
46210 2.68952
46220 2.75428
46230 2.82715
46240 2.90858
46250 2.99907
46260 3.0991
46270 3.20922
46280 3.32998
46290 3.46198
46300 3.60581
46310 3.76212
46320 3.93157
46330 4.11484
46340 4.31264
46350 4.52571
46360 4.75477
46370 5.00059
46380 5.26395
46390 5.54562
46400 5.84639
46410 6.16704
46420 6.50837
46430 6.87114
46440 7.25614
46450 7.6641
46460 8.09576
46470 8.55183
46480 9.03298
46490 9.53985
46500 10.073
46510 10.6331
46520 11.2206
46530 11.8358
46540 12.4794
46550 13.1515
46560 13.8525
46570 14.5825
46580 15.3418
46590 16.1304
46600 16.9484
46610 17.7957
46620 18.6722
46630 19.5777
46640 20.512
46650 21.4747
46660 22.4656
46670 23.4842
46680 24.5299
46690 25.6023
46700 26.7007
46710 27.8245
46720 28.973
46730 30.1454
46740 31.341
46750 32.5588
46760 33.7981
46770 35.0579
46780 36.3373
46790 37.6354
46800 38.951
46810 40.2832
46820 41.6309
46830 42.9932
46840 44.3689
46850 45.7569
46860 47.1562
46870 48.5656
46880 49.9841
46890 51.4106
46900 52.8439
46910 54.2831
46920 55.7269
46930 57.1743
46940 58.6243
46950 60.0758
46960 61.5278
46970 62.9792
46980 64.4291
46990 65.8765
47000 67.3203
47010 68.7598
47020 70.1939
47030 71.6217
47040 73.0424
47050 74.4551
47060 75.8591
47070 77.2534
47080 78.6373
47090 80.0101
47100 81.371
47110 82.7193
47120 84.0542
47130 85.3753
47140 86.6817
47150 87.9729
47160 89.2482
47170 90.507
47180 91.7488
47190 92.9729
47200 94.1789
47210 95.366
47220 96.5339
47230 97.6819
47240 98.8096
47250 99.9162
47260 101.001
47270 102.064
47280 103.105
47290 104.122
47300 105.115
47310 106.084
47320 107.027
47330 107.945
47340 108.836
47350 109.699
47360 110.534
47370 111.339
47380 112.114
47390 112.858
47400 113.569
47410 114.245
47420 114.886
47430 115.49
47440 116.054
47450 116.578
47460 117.059
47470 117.495
47480 117.884
47490 118.222
47500 118.507
47510 118.737
47520 118.908
47530 119.017
47540 119.06
47550 119.035
47560 118.937
47570 118.765
47580 118.513
47590 118.18
47600 117.763
47610 117.258
47620 116.665
47630 115.981
47640 115.206
47650 114.339
47660 113.381
47670 112.334
47680 111.199
47690 109.978
47700 108.676
47710 107.296
47720 105.844
47730 104.323
47740 102.74
47750 101.101
47760 99.4109
47770 97.6768
47780 95.9046
47790 94.1005
47800 92.2704
47810 90.4201
47820 88.555
47830 86.6805
47840 84.8014
47850 82.9222
47860 81.0472
47870 79.1803
47880 77.3248
47890 75.4841
47900 73.661
47910 71.8579
47920 70.077
47930 68.3204
47940 66.5897
47950 64.8863
47960 63.2116
47970 61.5663
47980 59.9515
47990 58.3678
48000 56.8156
48010 55.2954
48020 53.8074
48030 52.3517
48040 50.9284
48050 49.5374
48060 48.1785
48070 46.8517
48080 45.5566
48090 44.2929
48100 43.0602
48110 41.8582
48120 40.6865
48130 39.5445
48140 38.4319
48150 37.348
48160 36.2925
48170 35.2647
48180 34.2641
48190 33.2901
48200 32.3423
48210 31.42
48220 30.5227
48230 29.6499
48240 28.8009
48250 27.9753
48260 27.1724
48270 26.3918
48280 25.6329
48290 24.8951
48300 24.178
48310 23.481
48320 22.8036
48330 22.1453
48340 21.5056
48350 20.8841
48360 20.2802
48370 19.6935
48380 19.1236
48390 18.5699
48400 18.0321
48410 17.5098
48420 17.0024
48430 16.5097
48440 16.0312
48450 15.5664
48460 15.1152
48470 14.677
48480 14.2515
48490 13.8383
48500 13.4372
48510 13.0478
48520 12.6697
48530 12.3026
48540 11.9463
48550 11.6004
48560 11.2647
48570 10.9388
48580 10.6224
48590 10.3154
48600 10.0174
48610 9.72824
48620 9.4476
48630 9.17526
48640 8.91099
48650 8.65457
48660 8.40578
48670 8.16439
48680 7.93022
48690 7.70305
48700 7.48269
48710 7.26896
48720 7.06166
48730 6.86064
48740 6.6657
48750 6.4767
48760 6.29346
48770 6.11583
48780 5.94367
48790 5.77683
48800 5.61517
48810 5.45855
48820 5.30685
48830 5.15994
48840 5.01771
48850 4.88002
48860 4.74679
48870 4.61789
48880 4.49323
48890 4.37271
48900 4.25624
48910 4.14374
48920 4.03512
48930 3.9303
48940 3.82922
48950 3.7318
48960 3.63798
48970 3.54771
48980 3.46092
48990 3.37759
49000 3.29766
49010 3.2211
49020 3.14789
49030 3.07799
49040 3.0114
49050 2.9481
49060 2.88809
49070 2.83137
49080 2.77796
49090 2.72789
49100 2.68116
49110 2.63784
49120 2.59796
49130 2.56158
49140 2.52877
49150 2.49961
49160 2.47419
49170 2.45262
49180 2.435
49190 2.42147
49200 2.41218
49210 2.40728
49220 2.40694
49230 2.41138
49240 2.42078
49250 2.43538
49260 2.45544
49270 2.48122
49280 2.513
49290 2.5511
49300 2.59586
49310 2.64764
49320 2.70681
49330 2.77379
49340 2.849
49350 2.93292
49360 3.02601
49370 3.12881
49380 3.24184
49390 3.36568
49400 3.50092
49410 3.64817
49420 3.80808
49430 3.98132
49440 4.16858
49450 4.37057
49460 4.58802
49470 4.82169
49480 5.07233
49490 5.34072
49500 5.62764
49510 5.93388
49520 6.26023
49530 6.60746
49540 6.97637
49550 7.3677
49560 7.78221
49570 8.22061
49580 8.68362
49590 9.17189
49600 9.68605
49610 10.2267
49620 10.7943
49630 11.3895
49640 12.0127
49650 12.6641
49660 13.3443
49670 14.0534
49680 14.7916
49690 15.559
49700 16.3559
49710 17.182
49720 18.0375
49730 18.9221
49740 19.8357
49750 20.7779
49760 21.7486
49770 22.7472
49780 23.7734
49790 24.8267
49800 25.9064
49810 27.0119
49820 28.1427
49830 29.2979
49840 30.4769
49850 31.6788
49860 32.9027
49870 34.1478
49880 35.4132
49890 36.6979
49900 38.0009
49910 39.3213
49920 40.658
49930 42.0099
49940 43.376
49950 44.7552
49960 46.1465
49970 47.5487
49980 48.9608
49990 50.3817
50000 51.8102
50010 53.2452
50020 54.6858
50030 56.1307
50040 57.5789
50050 59.0295
50060 60.4812
50070 61.9331
50080 63.3842
50090 64.8335
50100 66.28
50110 67.7227
50120 69.1608
50130 70.5932
50140 72.0191
50150 73.4377
50160 74.848
50170 76.2494
50180 77.6408
50190 79.0217
50200 80.3913
50210 81.7487
50220 83.0934
50230 84.4245
50240 85.7415
50250 87.0438
50260 88.3306
50270 89.6013
50280 90.8554
50290 92.0924
50300 93.3115
50310 94.5122
50320 95.6941
50330 96.8565
50340 97.9988
50350 99.1207
50360 100.221
50370 101.3
50380 102.357
50390 103.391
50400 104.402
50410 105.388
50420 106.35
50430 107.286
50440 108.196
50450 109.08
50460 109.935
50470 110.762
50480 111.559
50490 112.325
50500 113.06
50510 113.761
50520 114.428
50530 115.058
50540 115.651
50550 116.205
50560 116.717
50570 117.186
50580 117.609
50590 117.983
50600 118.307
50610 118.577
50620 118.791
50630 118.945
50640 119.036
50650 119.06
50660 119.015
50670 118.897
50680 118.703
50690 118.429
50700 118.072
50710 117.63
50720 117.101
50730 116.483
50740 115.774
50750 114.973
50760 114.081
50770 113.098
50780 112.026
50790 110.866
50800 109.623
50810 108.299
50820 106.898
50830 105.426
50840 103.887
50850 102.288
50860 100.634
50870 98.9309
50880 97.1856
50890 95.4039
50900 93.5919
50910 91.7556
50920 89.9006
50930 88.0324
50940 86.1561
50950 84.2765
50960 82.3981
50970 80.525
50980 78.6609
50990 76.8093
51000 74.9732
51010 73.1554
51020 71.3583
51030 69.5841
51040 67.8345
51050 66.1113
51060 64.4158
51070 62.7492
51080 61.1124
51090 59.5062
51100 57.9313
51110 56.388
51120 54.8767
51130 53.3977
51140 51.9511
51150 50.5368
51160 49.1548
51170 47.8049
51180 46.4869
51190 45.2006
51200 43.9456
51210 42.7216
51220 41.5281
51230 40.3647
51240 39.231
51250 38.1264
51260 37.0505
51270 36.0027
51280 34.9826
51290 33.9895
51300 33.0229
51310 32.0822
51320 31.167
51330 30.2766
51340 29.4105
51350 28.5681
51360 27.7488
51370 26.9523
51380 26.1777
51390 25.4248
51400 24.6928
51410 23.9814
51420 23.2899
51430 22.6179
51440 21.9648
51450 21.3303
51460 20.7137
51470 20.1147
51480 19.5327
51490 18.9674
51500 18.4182
51510 17.8848
51520 17.3666
51530 16.8634
51540 16.3747
51550 15.9
51560 15.4391
51570 14.9915
51580 14.5569
51590 14.1349
51600 13.7252
51610 13.3273
51620 12.9411
51630 12.5661
51640 12.2021
51650 11.8487
51660 11.5057
51670 11.1727
51680 10.8495
51690 10.5358
51700 10.2313
51710 9.93582
51720 9.64904
51730 9.37074
51740 9.10068
51750 8.83862
51760 8.58435
51770 8.33765
51780 8.0983
51790 7.8661
51800 7.64085
51810 7.42236
51820 7.21044
51830 7.00492
51840 6.80561
51850 6.61234
51860 6.42496
51870 6.24331
51880 6.06723
51890 5.89656
51900 5.73118
51910 5.57094
51920 5.41571
51930 5.26536
51940 5.11977
51950 4.97881
51960 4.84238
51970 4.71037
51980 4.58266
51990 4.45917
52000 4.33979
52010 4.22444
52020 4.11303
52030 4.00548
52040 3.90171
52050 3.80165
52060 3.70524
52070 3.61242
52080 3.52313
52090 3.43731
52100 3.35493
52110 3.27595
52120 3.20033
52130 3.12804
52140 3.05907
52150 2.99339
52160 2.93101
52170 2.87192
52180 2.81613
52190 2.76365
52200 2.7145
52210 2.66873
52220 2.62636
52230 2.58745
52240 2.55206
52250 2.52026
52260 2.49214
52270 2.46778
52280 2.44729
52290 2.4308
52300 2.41844
52310 2.41036
52320 2.40671
52330 2.40769
52340 2.41349
52350 2.42432
52360 2.44042
52370 2.46205
52380 2.48947
52390 2.52299
52400 2.56291
52410 2.6096
52420 2.6634
52430 2.7247
52440 2.79394
52450 2.87153
52460 2.95796
52470 3.05371
52480 3.15931
52490 3.2753
52500 3.40226
52510 3.54079
52520 3.69151
52530 3.85507
52540 4.03215
52550 4.22345
52560 4.42969
52570 4.65159
52580 4.88992
52590 5.14544
52600 5.41892
52610 5.71116
52620 6.02293
52630 6.35503
52640 6.70824
52650 7.08333
52660 7.48106
52670 7.90217
52680 8.34737
52690 8.81737
52700 9.3128
52710 9.83429
52720 10.3824
52730 10.9577
52740 11.5607
52750 12.1917
52760 12.8511
52770 13.5393
52780 14.2565
52790 15.0029
52800 15.7785
52810 16.5836
52820 17.4179
52830 18.2815
52840 19.1742
52850 20.0959
52860 21.0461
52870 22.0246
52880 23.031
52890 24.0648
52900 25.1254
52910 26.2124
52920 27.3251
52930 28.4628
52940 29.6247
52950 30.8102
52960 32.0183
52970 33.2482
52980 34.4991
52990 35.77
53000 37.0599
53010 38.3679
53020 39.6929
53030 41.0339
53040 42.3899
53050 43.7598
53060 45.1425
53070 46.5369
53080 47.942
53090 49.3566
53100 50.7797
53110 52.2102
53120 53.6469
53130 55.0887
53140 56.5347
53150 57.9837
53160 59.4347
53170 60.8866
53180 62.3384
53190 63.7891
53200 65.2377
53210 66.6832
53220 68.1247
53230 69.5613
53240 70.992
53250 72.4159
53260 73.8323
53270 75.2402
53280 76.6388
53290 78.0275
53300 79.4052
53310 80.7715
53320 82.1254
53330 83.4664
53340 84.7937
53350 86.1066
53360 87.4046
53370 88.687
53380 89.9531
53390 91.2025
53400 92.4345
53410 93.6486
53420 94.8441
53430 96.0206
53440 97.1774
53450 98.3141
53460 99.4301
53470 100.525
53480 101.598
53490 102.648
53500 103.676
53510 104.68
53520 105.659
53530 106.614
53540 107.543
53550 108.446
53560 109.321
53570 110.169
53580 110.987
53590 111.776
53600 112.534
53610 113.259
53620 113.951
53630 114.607
53640 115.228
53650 115.81
53660 116.352
53670 116.852
53680 117.309
53690 117.718
53700 118.079
53710 118.388
53720 118.643
53730 118.84
53740 118.976
53750 119.049
53760 119.055
53770 118.99
53780 118.851
53790 118.634
53800 118.338
53810 117.958
53820 117.492
53830 116.938
53840 116.294
53850 115.559
53860 114.733
53870 113.815
53880 112.807
53890 111.711
53900 110.528
53910 109.261
53920 107.915
53930 106.494
53940 105.003
53950 103.447
53960 101.831
53970 100.163
53980 98.4477
53990 96.6916
54000 94.9008
54010 93.0815
54020 91.2394
54030 89.3801
54040 87.5092
54050 85.6315
54060 83.7518
54070 81.8745
54080 80.0035
54090 78.1426
54100 76.295
54110 74.4638
54120 72.6515
54130 70.8606
54140 69.0931
54150 67.3507
54160 65.6351
54170 63.9476
54180 62.2892
54190 60.6609
54200 59.0633
54210 57.4972
54220 55.9628
54230 54.4606
54240 52.9906
54250 51.553
54260 50.1477
54270 48.7747
54280 47.4337
54290 46.1246
54300 44.8471
54310 43.6008
54320 42.3853
54330 41.2003
54340 40.0452
54350 38.9197
54360 37.8232
54370 36.7552
54380 35.7152
54390 34.7026
54400 33.717
54410 32.7577
54420 31.8242
54430 30.9159
54440 30.0324
54450 29.1729
54460 28.337
54470 27.5242
54480 26.7338
54490 25.9654
54500 25.2183
54510 24.4921
54520 23.7863
54530 23.1003
54540 22.4337
54550 21.7858
54560 21.1563
54570 20.5447
54580 19.9505
54590 19.3732
54600 18.8124
54610 18.2677
54620 17.7386
54630 17.2247
54640 16.7255
54650 16.2408
54660 15.77
54670 15.3128
54680 14.8689
54690 14.4378
54700 14.0193
54710 13.6129
54720 13.2183
54730 12.8353
54740 12.4634
54750 12.1024
54760 11.7519
54770 11.4117
54780 11.0815
54790 10.761
54800 10.4499
54810 10.1479
54820 9.85489
54830 9.5705
54840 9.29452
54850 9.02672
54860 8.76686
54870 8.51472
54880 8.27009
54890 8.03276
54900 7.80252
54910 7.57918
54920 7.36254
54930 7.15243
54940 6.94865
54950 6.75105
54960 6.55945
54970 6.37368
54980 6.19359
54990 6.01904
55000 5.84987
55010 5.68593
55020 5.52711
55030 5.37325
55040 5.22424
55050 5.07995
55060 4.94027
55070 4.80508
55080 4.67428
55090 4.54776
55100 4.42543
55110 4.30719
55120 4.19294
55130 4.08262
55140 3.97613
55150 3.8734
55160 3.77437
55170 3.67897
55180 3.58714
55190 3.49882
55200 3.41397
55210 3.33254
55220 3.2545
55230 3.17981
55240 3.10845
55250 3.0404
55260 2.97565
55270 2.91418
55280 2.85601
55290 2.80114
55300 2.74959
55310 2.70138
55320 2.65655
55330 2.61514
55340 2.57721
55350 2.54282
55360 2.51204
55370 2.48495
55380 2.46166
55390 2.44228
55400 2.42693
55410 2.41575
55420 2.40889
55430 2.40651
55440 2.40882
55450 2.416
55460 2.42828
55470 2.44589
55480 2.46911
55490 2.4982
55500 2.53348
55510 2.57525
55520 2.62388
55530 2.67974
55540 2.74322
55550 2.81474
55560 2.89475
55570 2.98373
55580 3.08218
55590 3.19063
55600 3.30962
55610 3.43975
55620 3.58161
55630 3.73585
55640 3.90312
55650 4.0841
55660 4.2795
55670 4.49003
55680 4.71645
55690 4.95949
55700 5.21995
55710 5.49859
55720 5.7962
55730 6.11357
55740 6.45149
55750 6.81073
55760 7.19206
55770 7.59624
55780 8.02401
55790 8.47607
55800 8.9531
55810 9.45575
55820 9.98462
55830 10.5403
55840 11.1233
55850 11.734
55860 12.3729
55870 13.0404
55880 13.7366
55890 14.4619
55900 15.2165
55910 16.0003
55920 16.8136
55930 17.6561
55940 18.5278
55950 19.4287
55960 20.3583
55970 21.3164
55980 22.3028
55990 23.3169
56000 24.3582
56010 25.4263
56020 26.5205
56030 27.6403
56040 28.7848
56050 29.9534
56060 31.1452
56070 32.3595
56080 33.5954
56090 34.852
56100 36.1282
56110 37.4233
56120 38.7361
56130 40.0657
56140 41.411
56150 42.771
56160 44.1446
56170 45.5307
56180 46.9282
56190 48.3361
56200 49.7532
56210 51.1784
56220 52.6107
56230 54.049
56240 55.4921
56250 56.939
56260 58.3887
56270 59.84
56280 61.292
56290 62.7436
56300 64.1938
56310 65.6416
56320 67.0861
56330 68.5263
56340 69.9613
56350 71.3902
56360 72.8122
56370 74.2262
56380 75.6316
56390 77.0276
56400 78.4132
56410 79.7879
56420 81.1508
56430 82.5011
56440 83.8383
56450 85.1617
56460 86.4705
56470 87.7642
56480 89.0421
56490 90.3037
56500 91.5483
56510 92.7753
56520 93.9842
56530 95.1745
56540 96.3456
56550 97.4968
56560 98.6278
56570 99.7379
56580 100.827
56590 101.893
56600 102.937
56610 103.958
56620 104.956
56630 105.928
56640 106.876
56650 107.798
56660 108.693
56670 109.561
56680 110.4
56690 111.211
56700 111.991
56710 112.739
56720 113.455
56730 114.138
56740 114.784
56750 115.394
56760 115.965
56770 116.496
56780 116.984
56790 117.428
56800 117.824
56810 118.171
56820 118.465
56830 118.704
56840 118.884
56850 119.003
56860 119.058
56870 119.044
56880 118.958
56890 118.798
56900 118.56
56910 118.24
56920 117.836
56930 117.346
56940 116.767
56950 116.098
56960 115.338
56970 114.486
56980 113.543
56990 112.51
57000 111.389
57010 110.182
57020 108.893
57030 107.526
57040 106.084
57050 104.574
57060 103.001
57070 101.371
57080 99.6886
57090 97.9612
57100 96.1948
57110 94.3955
57120 92.5692
57130 90.7218
57140 88.8588
57150 86.9854
57160 85.1067
57170 83.2273
57180 81.3513
57190 79.4828
57200 77.6253
57210 75.782
57220 73.9558
57230 72.1493
57240 70.3647
57250 68.604
57260 66.869
57270 65.1611
57280 63.4816
57290 61.8315
57300 60.2117
57310 58.6229
57320 57.0656
57330 55.5402
57340 54.0469
57350 52.586
57360 51.1574
57370 49.7611
57380 48.3971
57390 47.065
57400 45.7648
57410 44.496
57420 43.2583
57430 42.0514
57440 40.8748
57450 39.728
57460 38.6107
57470 37.5222
57480 36.462
57490 35.4297
57500 34.4248
57510 33.4465
57520 32.4945
57530 31.5681
57540 30.6668
57550 29.79
57560 28.9372
57570 28.1078
57580 27.3013
57590 26.5171
57600 25.7547
57610 25.0135
57620 24.2931
57630 23.5928
57640 22.9123
57650 22.2509
57660 21.6083
57670 20.9838
57680 20.3771
57690 19.7877
57700 19.215
57710 18.6588
57720 18.1184
57730 17.5936
57740 17.0838
57750 16.5887
57760 16.1079
57770 15.641
57780 15.1876
57790 14.7473
57800 14.3197
57810 13.9046
57820 13.5016
57830 13.1103
57840 12.7303
57850 12.3615
57860 12.0035
57870 11.6559
57880 11.3185
57890 10.991
57900 10.6732
57910 10.3647
57920 10.0652
57930 9.77463
57940 9.49262
57950 9.21894
57960 8.95338
57970 8.6957
57980 8.44568
57990 8.20311
58000 7.96777
58010 7.73948
58020 7.51803
58030 7.30323
58040 7.0949
58050 6.89287
58060 6.69696
58070 6.507
58080 6.32284
58090 6.14431
58100 5.97127
58110 5.80358
58120 5.64108
58130 5.48366
58140 5.33117
58150 5.18349
58160 5.0405
58170 4.90208
58180 4.76813
58190 4.63853
58200 4.51319
58210 4.39201
58220 4.27489
58230 4.16175
58240 4.0525
58250 3.94707
58260 3.84539
58270 3.74738
58280 3.65298
58290 3.56213
58300 3.47478
58310 3.39089
58320 3.31041
58330 3.23331
58340 3.15955
58350 3.08912
58360 3.02199
58370 2.95815
58380 2.89761
58390 2.84036
58400 2.78641
58410 2.73579
58420 2.68852
58430 2.64465
58440 2.6042
58450 2.56725
58460 2.53386
58470 2.5041
58480 2.47806
58490 2.45585
58500 2.43759
58510 2.42338
58520 2.41339
58530 2.40776
58540 2.40668
58550 2.41032
58560 2.4189
58570 2.43265
58580 2.4518
58590 2.47663
58600 2.50741
58610 2.54447
58620 2.58813
58630 2.63874
58640 2.69668
58650 2.76236
58660 2.8362
58670 2.91867
58680 3.01025
58690 3.11143
58700 3.22276
58710 3.34481
58720 3.47815
58730 3.6234
58740 3.78121
58750 3.95224
58760 4.13717
58770 4.33672
58780 4.55161
58790 4.7826
58800 5.03043
58810 5.29588
58820 5.57974
58830 5.88279
58840 6.20581
58850 6.5496
58860 6.91493
58870 7.30257
58880 7.71327
58890 8.14774
58900 8.60671
58910 9.09083
58920 9.60074
58930 10.137
58940 10.7003
58950 11.291
58960 11.9095
58970 12.5564
58980 13.2318
58990 13.9362
59000 14.6697
59010 15.4324
59020 16.2244
59030 17.0458
59040 17.8965
59050 18.7764
59060 19.6853
59070 20.6229
59080 21.589
59090 22.5831
59100 23.6049
59110 24.6537
59120 25.7292
59130 26.8306
59140 27.9573
59150 29.1087
59160 30.2838
59170 31.482
59180 32.7024
59190 33.9442
59200 35.2063
59210 36.488
59220 37.7881
59230 39.1057
59240 40.4398
59250 41.7893
59260 43.1532
59270 44.5303
59280 45.9197
59290 47.3203
59300 48.7308
59310 50.1503
59320 51.5776
59330 53.0117
59340 54.4514
59350 55.8957
59360 57.3435
59370 58.7937
59380 60.2453
59390 61.6973
59400 63.1486
59410 64.5983
59420 66.0453
59430 67.4887
59440 68.9275
59450 70.3609
59460 71.788
59470 73.2078
59480 74.6195
59490 76.0224
59500 77.4155
59510 78.7982
59520 80.1696
59530 81.529
59540 82.8758
59550 84.2092
59560 85.5286
59570 86.8333
59580 88.1226
59590 89.396
59600 90.6529
59610 91.8926
59620 93.1147
59630 94.3184
59640 95.5034
59650 96.669
59660 97.8147
59670 98.9399
59680 100.044
59690 101.127
59700 102.187
59710 103.225
59720 104.239
59730 105.23
59740 106.195
59750 107.136
59760 108.05
59770 108.938
59780 109.798
59790 110.63
59800 111.432
59810 112.203
59820 112.943
59830 113.649
59840 114.322
59850 114.958
59860 115.558
59870 116.118
59880 116.637
59890 117.113
59900 117.543
59910 117.926
59920 118.258
59930 118.537
59940 118.76
59950 118.924
59960 119.025
59970 119.061
59980 119.027
59990 118.921
