0 0
10 4.79647
20 9.44724
30 13.9567
40 18.3292
50 22.5689
60 26.6798
70 30.6658
80 34.5307
90 38.2782
100 41.9119
110 45.4352
120 48.8515
130 52.164
140 55.3758
150 58.4901
160 61.5098
170 64.4378
180 67.2768
190 70.0296
200 72.6987
210 75.2868
220 77.7962
230 80.2295
240 82.5888
250 84.8764
260 87.0945
270 89.2453
280 91.3307
290 93.3528
300 95.3135
310 97.2145
320 99.0579
330 100.845
340 102.578
350 104.259
360 105.888
370 107.468
380 109
390 110.485
400 111.925
410 113.322
420 114.676
430 115.989
440 117.262
450 118.496
460 119.693
470 120.853
480 121.979
490 123.07
500 124.128
510 125.154
520 126.148
530 127.113
540 128.048
550 128.954
560 129.834
570 130.686
580 131.513
590 132.314
600 133.091
610 133.845
620 134.575
630 135.284
640 135.971
650 136.637
660 137.282
670 137.909
680 138.516
690 139.104
700 139.675
710 140.229
720 140.765
730 141.286
740 141.79
750 142.28
760 142.754
770 143.214
780 143.66
790 144.092
800 144.512
810 144.918
820 145.313
830 145.695
840 146.065
850 146.425
860 146.773
870 147.111
880 147.439
890 147.756
900 148.064
910 148.363
920 148.653
930 148.933
940 149.206
950 149.47
960 149.726
970 149.974
980 150.214
990 150.448
1000 150.674
1010 150.893
1020 151.106
1030 151.312
1040 151.512
1050 151.706
1060 151.894
1070 152.077
1080 152.253
1090 152.425
1100 152.591
1110 152.752
1120 152.908
1130 153.06
1140 153.207
1150 153.349
1160 153.482
1170 153.589
1180 153.628
1190 153.528
1200 153.193
1210 152.531
1220 151.474
1230 149.992
1240 148.102
1250 145.849
1260 143.293
1270 140.5
1280 137.531
1290 134.439
1300 131.267
1310 128.049
1320 124.814
1330 121.584
1340 118.374
1350 115.199
1360 112.066
1370 108.985
1380 105.96
1390 102.995
1400 100.094
1410 97.2574
1420 94.4874
1430 91.7843
1440 89.1484
1450 86.5796
1460 84.0773
1470 81.6409
1480 79.2696
1490 76.9623
1500 74.7181
1510 72.5356
1520 70.4138
1530 68.3512
1540 66.3467
1550 64.3989
1560 62.5064
1570 60.6679
1580 58.882
1590 57.1475
1600 55.4631
1610 53.8273
1620 52.2389
1630 50.6968
1640 49.1995
1650 47.7459
1660 46.3348
1670 44.9651
1680 43.6355
1690 42.3449
1700 41.0923
1710 39.8766
1720 38.6967
1730 37.5517
1740 36.4404
1750 35.362
1760 34.3155
1770 33.3
1780 32.3146
1790 31.3584
1800 30.4306
1810 29.5303
1820 28.6568
1830 27.8092
1840 26.9868
1850 26.1889
1860 25.4148
1870 24.6636
1880 23.9349
1890 23.2279
1900 22.5419
1910 21.8765
1920 21.2308
1930 20.6044
1940 19.9968
1950 19.4072
1960 18.8353
1970 18.2804
1980 17.7421
1990 17.2199
2000 16.7134
2010 16.2219
2020 15.7452
2030 15.2827
2040 14.834
2050 14.3988
2060 13.9765
2070 13.567
2080 13.1696
2090 12.7842
2100 12.4103
2110 12.0476
2120 11.6957
2130 11.3546
2140 11.0244
2150 10.7055
2160 10.3979
2170 10.1019
2180 9.81755
2190 9.54484
2200 9.28383
2210 9.03449
2220 8.79676
2230 8.57057
2240 8.3558
2250 8.15234
2260 7.96003
2270 7.77871
2280 7.60819
2290 7.44828
2300 7.29875
2310 7.1594
2320 7.02999
2330 6.91031
2340 6.80015
2350 6.69932
2360 6.60765
2370 6.52499
2380 6.45123
2390 6.38628
2400 6.33008
2410 6.28259
2420 6.24379
2430 6.21368
2440 6.19229
2450 6.17965
2460 6.17582
2470 6.18086
2480 6.19488
2490 6.21796
2500 6.25023
2510 6.29183
2520 6.34288
2530 6.40357
2540 6.47405
2550 6.55452
2560 6.64518
2570 6.74624
2580 6.85794
2590 6.9805
2600 7.1142
2610 7.2593
2620 7.41607
2630 7.58482
2640 7.76585
2650 7.95948
2660 8.16605
2670 8.3859
2680 8.61939
2690 8.86688
2700 9.12875
2710 9.40539
2720 9.69721
2730 10.0046
2740 10.328
2750 10.6678
2760 11.0245
2770 11.3985
2780 11.7901
2790 12.2
2800 12.6285
2810 13.0761
2820 13.5432
2830 14.0303
2840 14.5378
2850 15.0661
2860 15.6157
2870 16.187
2880 16.7804
2890 17.3964
2900 18.0352
2910 18.6973
2920 19.3829
2930 20.0925
2940 20.8262
2950 21.5845
2960 22.3674
2970 23.1753
2980 24.0082
2990 24.8664
3000 25.7498
3010 26.6586
3020 27.5928
3030 28.5524
3040 29.5372
3050 30.5471
3060 31.5819
3070 32.6415
3080 33.7255
3090 34.8336
3100 35.9655
3110 37.1206
3120 38.2984
3130 39.4986
3140 40.7203
3150 41.9631
3160 43.2261
3170 44.5088
3180 45.8102
3190 47.1296
3200 48.466
3210 49.8186
3220 51.1865
3230 52.5685
3240 53.9638
3250 55.3711
3260 56.7892
3270 58.217
3280 59.653
3290 61.0959
3300 62.5442
3310 63.9965
3320 65.4514
3330 66.9075
3340 68.3634
3350 69.8177
3360 71.2693
3370 72.7168
3380 74.1591
3390 75.595
3400 77.0235
3410 78.4436
3420 79.8544
3430 81.2549
3440 82.6443
3450 84.0218
3460 85.3867
3470 86.7384
3480 88.0761
3490 89.3992
3500 90.7074
3510 91.9999
3520 93.2764
3530 94.5365
3540 95.7798
3550 97.0058
3560 98.2144
3570 99.4052
3580 100.578
3590 101.733
3600 102.869
3610 103.986
3620 105.085
3630 106.164
3640 107.225
3650 108.267
3660 109.289
3670 110.292
3680 111.276
3690 112.241
3700 113.186
3710 114.112
3720 115.018
3730 115.905
3740 116.773
3750 117.621
3760 118.45
3770 119.26
3780 120.05
3790 120.821
3800 121.572
3810 122.305
3820 123.018
3830 123.711
3840 124.385
3850 125.04
3860 125.676
3870 126.291
3880 126.887
3890 127.464
3900 128.02
3910 128.557
3920 129.073
3930 129.569
3940 130.044
3950 130.498
3960 130.931
3970 131.342
3980 131.731
3990 132.098
4000 132.441
4010 132.761
4020 133.057
4030 133.328
4040 133.573
4050 133.792
4060 133.983
4070 134.146
4080 134.28
4090 134.383
4100 134.455
4110 134.494
4120 134.499
4130 134.468
4140 134.401
4150 134.295
4160 134.149
4170 133.962
4180 133.732
4190 133.457
4200 133.136
4210 132.768
4220 132.35
4230 131.881
4240 131.361
4250 130.787
4260 130.159
4270 129.476
4280 128.736
4290 127.94
4300 127.087
4310 126.176
4320 125.208
4330 124.184
4340 123.104
4350 121.968
4360 120.778
4370 119.536
4380 118.243
4390 116.901
4400 115.512
4410 114.079
4420 112.604
4430 111.09
4440 109.54
4450 107.956
4460 106.343
4470 104.702
4480 103.037
4490 101.352
4500 99.6494
4510 97.9319
4520 96.203
4530 94.4656
4540 92.7224
4550 90.9762
4560 89.2297
4570 87.4854
4580 85.7456
4590 84.0125
4600 82.2883
4610 80.5749
4620 78.8741
4630 77.1876
4640 75.5169
4650 73.8634
4660 72.2284
4670 70.6131
4680 69.0184
4690 67.4453
4700 65.8947
4710 64.3671
4720 62.8633
4730 61.3838
4740 59.9289
4750 58.4991
4760 57.0947
4770 55.7159
4780 54.3627
4790 53.0354
4800 51.734
4810 50.4584
4820 49.2087
4830 47.9846
4840 46.7862
4850 45.6132
4860 44.4655
4870 43.3427
4880 42.2448
4890 41.1714
4900 40.1222
4910 39.0969
4920 38.0952
4930 37.1167
4940 36.1612
4950 35.2283
4960 34.3176
4970 33.4287
4980 32.5612
4990 31.7148
5000 30.8892
5010 30.0838
5020 29.2984
5030 28.5324
5040 27.7857
5050 27.0577
5060 26.3481
5070 25.6564
5080 24.9824
5090 24.3256
5100 23.6857
5110 23.0623
5120 22.455
5130 21.8635
5140 21.2875
5150 20.7264
5160 20.1801
5170 19.6482
5180 19.1304
5190 18.6262
5200 18.1355
5210 17.6578
5220 17.1929
5230 16.7405
5240 16.3003
5250 15.8719
5260 15.4552
5270 15.0497
5280 14.6553
5290 14.2716
5300 13.8985
5310 13.5356
5320 13.1828
5330 12.8397
5340 12.5061
5350 12.1819
5360 11.8667
5370 11.5603
5380 11.2626
5390 10.9734
5400 10.6924
5410 10.4194
5420 10.1543
5430 9.89686
5440 9.64692
5450 9.40429
5460 9.16882
5470 8.94035
5480 8.71872
5490 8.50378
5500 8.29538
5510 8.0934
5520 7.89769
5530 7.70814
5540 7.52461
5550 7.347
5560 7.17518
5570 7.00907
5580 6.84855
5590 6.69354
5600 6.54395
5610 6.3997
5620 6.2607
5630 6.1269
5640 5.99822
5650 5.87461
5660 5.75602
5670 5.64241
5680 5.53373
5690 5.42996
5700 5.33106
5710 5.23703
5720 5.14785
5730 5.06353
5740 4.98406
5750 4.90945
5760 4.83973
5770 4.77493
5780 4.71509
5790 4.66024
5800 4.61045
5810 4.56577
5820 4.52628
5830 4.49206
5840 4.46321
5850 4.43981
5860 4.42199
5870 4.40986
5880 4.40355
5890 4.40321
5900 4.40897
5910 4.42101
5920 4.43949
5930 4.46459
5940 4.49651
5950 4.53544
5960 4.58159
5970 4.63518
5980 4.69644
5990 4.7656
6000 4.84292
6010 4.92864
6020 5.02303
6030 5.12634
6040 5.23887
6050 5.36089
6060 5.49267
6070 5.63453
6080 5.78674
6090 5.94961
6100 6.12343
6110 6.30851
6120 6.50515
6130 6.71365
6140 6.93431
6150 7.16742
6160 7.4133
6170 7.67222
6180 7.94447
6190 8.23034
6200 8.53011
6210 8.84403
6220 9.17238
6230 9.51541
6240 9.87336
6250 10.2465
6260 10.6349
6270 11.039
6280 11.4589
6290 11.8947
6300 12.3467
6310 12.815
6320 13.2998
6330 13.8011
6340 14.3192
6350 14.8541
6360 15.406
6370 15.9748
6380 16.5607
6390 17.1637
6400 17.7838
6410 18.4211
6420 19.0755
6430 19.747
6440 20.4356
6450 21.1412
6460 21.8638
6470 22.6032
6480 23.3594
6490 24.1322
6500 24.9215
6510 25.7272
6520 26.5489
6530 27.3867
6540 28.2402
6550 29.1092
6560 29.9935
6570 30.8928
6580 31.8069
6590 32.7354
6600 33.6781
6610 34.6345
6620 35.6045
6630 36.5875
6640 37.5833
6650 38.5914
6660 39.6115
6670 40.6431
6680 41.6858
6690 42.7392
6700 43.8027
6710 44.8761
6720 45.9587
6730 47.05
6740 48.1497
6750 49.2571
6760 50.3718
6770 51.4932
6780 52.6208
6790 53.754
6800 54.8924
6810 56.0354
6820 57.1823
6830 58.3327
6840 59.486
6850 60.6415
6860 61.7988
6870 62.9573
6880 64.1163
6890 65.2754
6900 66.4338
6910 67.5912
6920 68.7468
6930 69.9
6940 71.0504
6950 72.1974
6960 73.3403
6970 74.4785
6980 75.6116
6990 76.739
7000 77.86
7010 78.9741
7020 80.0808
7030 81.1794
7040 82.2695
7050 83.3504
7060 84.4216
7070 85.4826
7080 86.5327
7090 87.5715
7100 88.5983
7110 89.6126
7120 90.6138
7130 91.6014
7140 92.5749
7150 93.5335
7160 94.4767
7170 95.404
7180 96.3148
7190 97.2083
7200 98.0841
7210 98.9414
7220 99.7797
7230 100.598
7240 101.396
7250 102.173
7260 102.928
7270 103.66
7280 104.369
7290 105.054
7300 105.713
7310 106.346
7320 106.952
7330 107.531
7340 108.08
7350 108.6
7360 109.088
7370 109.544
7380 109.966
7390 110.354
7400 110.705
7410 111.019
7420 111.295
7430 111.53
7440 111.723
7450 111.873
7460 111.979
7470 112.039
7480 112.051
7490 112.013
7500 111.926
7510 111.786
7520 111.593
7530 111.346
7540 111.044
7550 110.684
7560 110.268
7570 109.794
7580 109.261
7590 108.669
7600 108.019
7610 107.31
7620 106.543
7630 105.719
7640 104.839
7650 103.904
7660 102.915
7670 101.874
7680 100.784
7690 99.6453
7700 98.4617
7710 97.2354
7720 95.969
7730 94.6654
7740 93.3275
7750 91.9584
7760 90.561
7770 89.1384
7780 87.6937
7790 86.2299
7800 84.7501
7810 83.2571
7820 81.7538
7830 80.2431
7840 78.7274
7850 77.2094
7860 75.6915
7870 74.176
7880 72.665
7890 71.1605
7900 69.6645
7910 68.1786
7920 66.7045
7930 65.2436
7940 63.7974
7950 62.3671
7960 60.9536
7970 59.5582
7980 58.1816
7990 56.8246
8000 55.488
8010 54.1722
8020 52.8779
8030 51.6055
8040 50.3553
8050 49.1276
8060 47.9226
8070 46.7405
8080 45.5814
8090 44.4453
8100 43.3323
8110 42.2422
8120 41.1751
8130 40.1309
8140 39.1093
8150 38.1102
8160 37.1334
8170 36.1787
8180 35.2459
8190 34.3346
8200 33.4447
8210 32.5758
8220 31.7275
8230 30.8997
8240 30.092
8250 29.304
8260 28.5354
8270 27.7859
8280 27.0551
8290 26.3427
8300 25.6483
8310 24.9715
8320 24.3121
8330 23.6697
8340 23.0439
8350 22.4343
8360 21.8407
8370 21.2627
8380 20.6999
8390 20.152
8400 19.6187
8410 19.0997
8420 18.5945
8430 18.103
8440 17.6248
8450 17.1596
8460 16.707
8470 16.2669
8480 15.8388
8490 15.4225
8500 15.0178
8510 14.6243
8520 14.2418
8530 13.87
8540 13.5087
8550 13.1576
8560 12.8165
8570 12.4851
8580 12.1632
8590 11.8505
8600 11.5469
8610 11.2522
8620 10.966
8630 10.6883
8640 10.4188
8650 10.1574
8660 9.9038
8670 9.65788
8680 9.41945
8690 9.18837
8700 8.96446
8710 8.74757
8720 8.53755
8730 8.33427
8740 8.13758
8750 7.94736
8760 7.76347
8770 7.58582
8780 7.41428
8790 7.24875
8800 7.08913
8810 6.93533
8820 6.78727
8830 6.64487
8840 6.50806
8850 6.37677
8860 6.25094
8870 6.13053
8880 6.01549
8890 5.90579
8900 5.8014
8910 5.7023
8920 5.60848
8930 5.51994
8940 5.43668
8950 5.35872
8960 5.28608
8970 5.2188
8980 5.15692
8990 5.1005
9000 5.04959
9010 5.00428
9020 4.96465
9030 4.9308
9040 4.90285
9050 4.88091
9060 4.86512
9070 4.85564
9080 4.85263
9090 4.85626
9100 4.86674
9110 4.88426
9120 4.90907
9130 4.94139
9140 4.98148
9150 5.02963
9160 5.08611
9170 5.15126
9180 5.22538
9190 5.30883
9200 5.40197
9210 5.50519
9220 5.61888
9230 5.74347
9240 5.8794
9250 6.02711
9260 6.18709
9270 6.35982
9280 6.54582
9290 6.74559
9300 6.95968
9310 7.18865
9320 7.43304
9330 7.69343
9340 7.97041
9350 8.26457
9360 8.57648
9370 8.90676
9380 9.256
9390 9.62479
9400 10.0137
9410 10.4234
9420 10.8543
9430 11.3071
9440 11.7823
9450 12.2804
9460 12.8019
9470 13.3472
9480 13.9168
9490 14.5112
9500 15.1306
9510 15.7753
9520 16.4457
9530 17.142
9540 17.8643
9550 18.6128
9560 19.3876
9570 20.1887
9580 21.0159
9590 21.8693
9600 22.7487
9610 23.6539
9620 24.5845
9630 25.5403
9640 26.5208
9650 27.5257
9660 28.5544
9670 29.6063
9680 30.6809
9690 31.7775
9700 32.8955
9710 34.034
9720 35.1923
9730 36.3696
9740 37.5651
9750 38.7778
9760 40.0069
9770 41.2515
9780 42.5106
9790 43.7833
9800 45.0685
9810 46.3654
9820 47.6729
9830 48.9901
9840 50.316
9850 51.6495
9860 52.9898
9870 54.3358
9880 55.6866
9890 57.0412
9900 58.3987
9910 59.7582
9920 61.1189
9930 62.4797
9940 63.8398
9950 65.1985
9960 66.5548
9970 67.908
9980 69.2573
9990 70.602
10000 71.9413
10010 73.2744
10020 74.6009
10030 75.9199
10040 77.2309
10050 78.5332
10060 79.8263
10070 81.1097
10080 82.3827
10090 83.6448
10100 84.8957
10110 86.1348
10120 87.3617
10130 88.576
10140 89.7773
10150 90.9651
10160 92.1392
10170 93.2991
10180 94.4447
10190 95.5755
10200 96.6913
10210 97.7918
10220 98.8768
10230 99.946
10240 100.999
10250 102.036
10260 103.056
10270 104.06
10280 105.047
10290 106.017
10300 106.969
10310 107.904
10320 108.822
10330 109.721
10340 110.603
10350 111.466
10360 112.312
10370 113.138
10380 113.946
10390 114.735
10400 115.504
10410 116.255
10420 116.985
10430 117.696
10440 118.386
10450 119.056
10460 119.704
10470 120.332
10480 120.937
10490 121.52
10500 122.081
10510 122.618
10520 123.131
10530 123.62
10540 124.084
10550 124.521
10560 124.931
10570 125.314
10580 125.667
10590 125.99
10600 126.282
10610 126.542
10620 126.768
10630 126.958
10640 127.111
10650 127.226
10660 127.301
10670 127.333
10680 127.321
10690 127.264
10700 127.158
10710 127.003
10720 126.795
10730 126.533
10740 126.216
10750 125.84
10760 125.405
10770 124.909
10780 124.35
10790 123.727
10800 123.039
10810 122.285
10820 121.465
10830 120.579
10840 119.627
10850 118.609
10860 117.527
10870 116.383
10880 115.177
10890 113.911
10900 112.59
10910 111.214
10920 109.787
10930 108.313
10940 106.794
10950 105.235
10960 103.639
10970 102.01
10980 100.351
10990 98.6672
11000 96.9616
11010 95.2381
11020 93.5004
11030 91.752
11040 89.9964
11050 88.2367
11060 86.4761
11070 84.7176
11080 82.9638
11090 81.2174
11100 79.4807
11110 77.7559
11120 76.0451
11130 74.35
11140 72.6725
11150 71.0139
11160 69.3756
11170 67.7589
11180 66.1649
11190 64.5943
11200 63.0482
11210 61.5271
11220 60.0317
11230 58.5624
11240 57.1196
11250 55.7036
11260 54.3147
11270 52.953
11280 51.6186
11290 50.3114
11300 49.0316
11310 47.7789
11320 46.5533
11330 45.3546
11340 44.1825
11350 43.0369
11360 41.9175
11370 40.8239
11380 39.7559
11390 38.7131
11400 37.6952
11410 36.7018
11420 35.7325
11430 34.7869
11440 33.8646
11450 32.9653
11460 32.0884
11470 31.2336
11480 30.4005
11490 29.5886
11500 28.7975
11510 28.0267
11520 27.276
11530 26.5447
11540 25.8326
11550 25.1391
11560 24.464
11570 23.8067
11580 23.1669
11590 22.5441
11600 21.938
11610 21.3483
11620 20.7744
11630 20.216
11640 19.6728
11650 19.1444
11660 18.6305
11670 18.1306
11680 17.6445
11690 17.1718
11700 16.7122
11710 16.2653
11720 15.8308
11730 15.4085
11740 14.9981
11750 14.5991
11760 14.2114
11770 13.8347
11780 13.4687
11790 13.1131
11800 12.7677
11810 12.4322
11820 12.1063
11830 11.7899
11840 11.4827
11850 11.1844
11860 10.8949
11870 10.6139
11880 10.3413
11890 10.0768
11900 9.82023
11910 9.57141
11920 9.33017
11930 9.09632
11940 8.8697
11950 8.65015
11960 8.43752
11970 8.23165
11980 8.0324
11990 7.83964
12000 7.65324
12010 7.47308
12020 7.29903
12030 7.131
12040 6.96887
12050 6.81254
12060 6.66194
12070 6.51697
12080 6.37755
12090 6.24362
12100 6.11512
12110 5.99198
12120 5.87417
12130 5.76163
12140 5.65433
12150 5.55225
12160 5.45537
12170 5.36367
12180 5.27716
12190 5.19585
12200 5.11974
12210 5.04887
12220 4.98326
12230 4.92297
12240 4.86804
12250 4.81854
12260 4.77454
12270 4.73614
12280 4.70343
12290 4.67651
12300 4.65551
12310 4.64057
12320 4.63183
12330 4.62946
12340 4.63362
12350 4.6445
12360 4.66232
12370 4.68728
12380 4.71962
12390 4.75959
12400 4.80746
12410 4.8635
12420 4.928
12430 5.00129
12440 5.08369
12450 5.17555
12460 5.27722
12470 5.38909
12480 5.51155
12490 5.645
12500 5.78987
12510 5.94659
12520 6.11563
12530 6.29743
12540 6.49248
12550 6.70126
12560 6.92427
12570 7.162
12580 7.41497
12590 7.6837
12600 7.96869
12610 8.27046
12620 8.58953
12630 8.92641
12640 9.28159
12650 9.65558
12660 10.0489
12670 10.4619
12680 10.8951
12690 11.349
12700 11.8239
12710 12.3202
12720 12.8384
12730 13.3786
12740 13.9412
12750 14.5265
12760 15.1346
12770 15.7658
12780 16.4202
12790 17.0979
12800 17.799
12810 18.5234
12820 19.2712
12830 20.0422
12840 20.8364
12850 21.6536
12860 22.4936
12870 23.3561
12880 24.2409
12890 25.1476
12900 26.0759
12910 27.0253
12920 27.9955
12930 28.9859
12940 29.996
12950 31.0253
12960 32.0733
12970 33.1393
12980 34.2227
12990 35.3229
13000 36.4392
13010 37.571
13020 38.7175
13030 39.878
13040 41.0518
13050 42.2381
13060 43.4362
13070 44.6454
13080 45.8649
13090 47.0939
13100 48.3316
13110 49.5774
13120 50.8303
13130 52.0896
13140 53.3547
13150 54.6246
13160 55.8987
13170 57.1762
13180 58.4563
13190 59.7384
13200 61.0217
13210 62.3054
13220 63.589
13230 64.8716
13240 66.1526
13250 67.4314
13260 68.7073
13270 69.9797
13280 71.2478
13290 72.5112
13300 73.7692
13310 75.0213
13320 76.2669
13330 77.5053
13340 78.7362
13350 79.959
13360 81.1732
13370 82.3782
13380 83.5737
13390 84.7591
13400 85.934
13410 87.0981
13420 88.2508
13430 89.3917
13440 90.5205
13450 91.6369
13460 92.7403
13470 93.8305
13480 94.9071
13490 95.9698
13500 97.0182
13510 98.052
13520 99.071
13530 100.075
13540 101.063
13550 102.035
13560 102.992
13570 103.931
13580 104.855
13590 105.761
13600 106.649
13610 107.52
13620 108.373
13630 109.208
13640 110.024
13650 110.821
13660 111.599
13670 112.357
13680 113.094
13690 113.811
13700 114.507
13710 115.181
13720 115.833
13730 116.462
13740 117.068
13750 117.65
13760 118.207
13770 118.739
13780 119.244
13790 119.723
13800 120.173
13810 120.594
13820 120.984
13830 121.343
13840 121.67
13850 121.962
13860 122.219
13870 122.439
13880 122.621
13890 122.762
13900 122.861
13910 122.917
13920 122.927
13930 122.89
13940 122.803
13950 122.665
13960 122.474
13970 122.228
13980 121.925
13990 121.564
14000 121.142
14010 120.659
14020 120.114
14030 119.504
14040 118.83
14050 118.091
14060 117.287
14070 116.418
14080 115.485
14090 114.488
14100 113.428
14110 112.308
14120 111.128
14130 109.892
14140 108.601
14150 107.259
14160 105.869
14170 104.433
14180 102.955
14190 101.439
14200 99.8878
14210 98.3059
14220 96.6966
14230 95.0637
14240 93.4108
14250 91.7415
14260 90.0593
14270 88.3675
14280 86.6695
14290 84.9682
14300 83.2667
14310 81.5677
14320 79.8738
14330 78.1875
14340 76.511
14350 74.8463
14360 73.1955
14370 71.5602
14380 69.942
14390 68.3423
14400 66.7626
14410 65.2037
14420 63.6669
14430 62.1529
14440 60.6626
14450 59.1966
14460 57.7554
14470 56.3394
14480 54.9492
14490 53.5848
14500 52.2466
14510 50.9347
14520 49.6492
14530 48.39
14540 47.1571
14550 45.9505
14560 44.77
14570 43.6154
14580 42.4866
14590 41.3833
14600 40.3053
14610 39.2522
14620 38.2238
14630 37.2197
14640 36.2396
14650 35.2832
14660 34.3499
14670 33.4396
14680 32.5518
14690 31.686
14700 30.8419
14710 30.0192
14720 29.2173
14730 28.4358
14740 27.6745
14750 26.9328
14760 26.2103
14770 25.5066
14780 24.8214
14790 24.1542
14800 23.5046
14810 22.8723
14820 22.2568
14830 21.6577
14840 21.0747
14850 20.5075
14860 19.9555
14870 19.4185
14880 18.8962
14890 18.3881
14900 17.8939
14910 17.4133
14920 16.946
14930 16.4915
14940 16.0497
14950 15.6202
14960 15.2026
14970 14.7968
14980 14.4024
14990 14.0191
15000 13.6466
15010 13.2847
15020 12.9331
15030 12.5915
15040 12.2598
15050 11.9376
15060 11.6247
15070 11.3209
15080 11.026
15090 10.7398
15100 10.4619
15110 10.1924
15120 9.9308
15130 9.67709
15140 9.43104
15150 9.19247
15160 8.96121
15170 8.73709
15180 8.51995
15190 8.30963
15200 8.106
15210 7.90891
15220 7.71821
15230 7.5338
15240 7.35553
15250 7.1833
15260 7.017
15270 6.85652
15280 6.70177
15290 6.55265
15300 6.40908
15310 6.27099
15320 6.1383
15330 6.01095
15340 5.88889
15350 5.77206
15360 5.66042
15370 5.55394
15380 5.4526
15390 5.35636
15400 5.26523
15410 5.1792
15420 5.09827
15430 5.02247
15440 4.95181
15450 4.88633
15460 4.82607
15470 4.77109
15480 4.72145
15490 4.67723
15500 4.63851
15510 4.6054
15520 4.57799
15530 4.55642
15540 4.54083
15550 4.53135
15560 4.52816
15570 4.53143
15580 4.54135
15590 4.55814
15600 4.58201
15610 4.6132
15620 4.65197
15630 4.6986
15640 4.75336
15650 4.81656
15660 4.88854
15670 4.96962
15680 5.06018
15690 5.16058
15700 5.27121
15710 5.3925
15720 5.52486
15730 5.66875
15740 5.82461
15750 5.99294
15760 6.17422
15770 6.36896
15780 6.57767
15790 6.80089
15800 7.03915
15810 7.293
15820 7.56299
15830 7.84968
15840 8.15364
15850 8.47542
15860 8.81558
15870 9.17468
15880 9.55326
15890 9.95185
15900 10.371
15910 10.8111
15920 11.2728
15930 11.7565
15940 12.2626
15950 12.7915
15960 13.3436
15970 13.9193
15980 14.5188
15990 15.1424
16000 15.7903
16010 16.4627
16020 17.1597
16030 17.8814
16040 18.6279
16050 19.399
16060 20.1948
16070 21.0152
16080 21.8599
16090 22.7287
16100 23.6213
16110 24.5376
16120 25.477
16130 26.4392
16140 27.4237
16150 28.43
16160 29.4576
16170 30.5059
16180 31.5743
16190 32.6622
16200 33.7689
16210 34.8936
16220 36.0357
16230 37.1944
16240 38.369
16250 39.5585
16260 40.7624
16270 41.9796
16280 43.2094
16290 44.451
16300 45.7035
16310 46.966
16320 48.2377
16330 49.5178
16340 50.8054
16350 52.0997
16360 53.3997
16370 54.7048
16380 56.0139
16390 57.3264
16400 58.6414
16410 59.9582
16420 61.2758
16430 62.5937
16440 63.9109
16450 65.2268
16460 66.5407
16470 67.8518
16480 69.1594
16490 70.463
16500 71.7617
16510 73.055
16520 74.3423
16530 75.6229
16540 76.8963
16550 78.162
16560 79.4193
16570 80.6677
16580 81.9068
16590 83.1361
16600 84.355
16610 85.5632
16620 86.7602
16630 87.9455
16640 89.1188
16650 90.2797
16660 91.4277
16670 92.5627
16680 93.6841
16690 94.7917
16700 95.8851
16710 96.9641
16720 98.0283
16730 99.0775
16740 100.111
16750 101.13
16760 102.132
16770 103.118
16780 104.088
16790 105.041
16800 105.977
16810 106.897
16820 107.798
16830 108.682
16840 109.548
16850 110.396
16860 111.226
16870 112.036
16880 112.828
16890 113.6
16900 114.352
16910 115.085
16920 115.796
16930 116.487
16940 117.157
16950 117.804
16960 118.43
16970 119.032
16980 119.611
16990 120.165
17000 120.695
17010 121.199
17020 121.677
17030 122.127
17040 122.549
17050 122.941
17060 123.303
17070 123.633
17080 123.93
17090 124.193
17100 124.419
17110 124.608
17120 124.758
17130 124.866
17140 124.932
17150 124.953
17160 124.928
17170 124.854
17180 124.729
17190 124.551
17200 124.319
17210 124.03
17220 123.683
17230 123.275
17240 122.805
17250 122.272
17260 121.675
17270 121.012
17280 120.282
17290 119.487
17300 118.624
17310 117.695
17320 116.701
17330 115.642
17340 114.52
17350 113.336
17360 112.093
17370 110.794
17380 109.44
17390 108.035
17400 106.583
17410 105.087
17420 103.55
17430 101.976
17440 100.369
17450 98.7325
17460 97.071
17470 95.388
17480 93.6871
17490 91.9722
17500 90.2466
17510 88.5139
17520 86.7772
17530 85.0396
17540 83.3041
17550 81.5734
17560 79.85
17570 78.1362
17580 76.4344
17590 74.7464
17600 73.0742
17610 71.4193
17620 69.7833
17630 68.1675
17640 66.5732
17650 65.0012
17660 63.4527
17670 61.9284
17680 60.4289
17690 58.9548
17700 57.5067
17710 56.0849
17720 54.6896
17730 53.3211
17740 51.9796
17750 50.6651
17760 49.3776
17770 48.1171
17780 46.8836
17790 45.6768
17800 44.4966
17810 43.3428
17820 42.2152
17830 41.1134
17840 40.0372
17850 38.9863
17860 37.9603
17870 36.9589
17880 35.9817
17890 35.0283
17900 34.0983
17910 33.1914
17920 32.3071
17930 31.445
17940 30.6047
17950 29.7857
17960 28.9877
17970 28.2103
17980 27.4529
17990 26.7152
18000 25.9968
18010 25.2972
18020 24.6161
18030 23.953
18040 23.3075
18050 22.6792
18060 22.0677
18070 21.4727
18080 20.8937
18090 20.3304
18100 19.7824
18110 19.2493
18120 18.7308
18130 18.2265
18140 17.7361
18150 17.2593
18160 16.7956
18170 16.3448
18180 15.9065
18190 15.4805
18200 15.0665
18210 14.664
18220 14.273
18230 13.8929
18240 13.5237
18250 13.165
18260 12.8166
18270 12.4781
18280 12.1494
18290 11.8303
18300 11.5203
18310 11.2195
18320 10.9274
18330 10.644
18340 10.3689
18350 10.102
18360 9.84316
18370 9.59209
18380 9.34864
18390 9.11263
18400 8.88389
18410 8.66227
18420 8.44759
18430 8.23971
18440 8.03848
18450 7.84377
18460 7.65544
18470 7.47337
18480 7.29743
18490 7.12751
18500 6.96351
18510 6.80532
18520 6.65286
18530 6.50602
18540 6.36475
18550 6.22895
18560 6.09856
18570 5.97353
18580 5.8538
18590 5.73933
18600 5.63007
18610 5.52601
18620 5.42711
18630 5.33337
18640 5.24477
18650 5.16133
18660 5.08305
18670 5.00995
18680 4.94207
18690 4.87944
18700 4.82212
18710 4.77017
18720 4.72366
18730 4.68267
18740 4.6473
18750 4.61765
18760 4.59385
18770 4.57602
18780 4.56431
18790 4.55888
18800 4.55991
18810 4.56757
18820 4.58208
18830 4.60365
18840 4.63251
18850 4.66892
18860 4.71315
18870 4.76547
18880 4.82618
18890 4.89561
18900 4.97408
18910 5.06196
18920 5.1596
18930 5.2674
18940 5.38577
18950 5.51512
18960 5.65589
18970 5.80854
18980 5.97353
18990 6.15135
19000 6.34251
19010 6.5475
19020 6.76685
19030 7.0011
19040 7.25078
19050 7.51644
19060 7.79864
19070 8.09793
19080 8.41486
19090 8.74999
19100 9.10386
19110 9.47702
19120 9.87
19130 10.2833
19140 10.7175
19150 11.1729
19160 11.6502
19170 12.1496
19180 12.6717
19190 13.2167
19200 13.7851
19210 14.3771
19220 14.993
19230 15.633
19240 16.2973
19250 16.986
19260 17.6993
19270 18.437
19280 19.1993
19290 19.9861
19300 20.7972
19310 21.6326
19320 22.4919
19330 23.3749
19340 24.2813
19350 25.2109
19360 26.163
19370 27.1374
19380 28.1336
19390 29.151
19400 30.189
19410 31.2471
19420 32.3246
19430 33.4209
19440 34.5353
19450 35.6671
19460 36.8156
19470 37.9799
19480 39.1594
19490 40.3532
19500 41.5605
19510 42.7806
19520 44.0125
19530 45.2555
19540 46.5088
19550 47.7714
19560 49.0426
19570 50.3215
19580 51.6074
19590 52.8992
19600 54.1964
19610 55.4979
19620 56.803
19630 58.111
19640 59.421
19650 60.7322
19660 62.0439
19670 63.3553
19680 64.6658
19690 65.9745
19700 67.2808
19710 68.584
19720 69.8834
19730 71.1784
19740 72.4683
19750 73.7525
19760 75.0304
19770 76.3015
19780 77.5651
19790 78.8207
19800 80.0678
19810 81.3059
19820 82.5345
19830 83.7531
19840 84.9613
19850 86.1585
19860 87.3445
19870 88.5187
19880 89.6808
19890 90.8304
19900 91.9671
19910 93.0906
19920 94.2006
19930 95.2966
19940 96.3785
19950 97.4458
19960 98.4983
19970 99.5358
19980 100.558
19990 101.564
20000 102.555
20010 103.529
20020 104.487
20030 105.428
20040 106.352
20050 107.259
20060 108.149
20070 109.02
20080 109.874
20090 110.709
20100 111.526
20110 112.323
20120 113.102
20130 113.861
20140 114.6
20150 115.318
20160 116.016
20170 116.693
20180 117.347
20190 117.98
20200 118.59
20210 119.177
20220 119.739
20230 120.277
20240 120.79
20250 121.276
20260 121.735
20270 122.166
20280 122.568
20290 122.939
20300 123.28
20310 123.587
20320 123.86
20330 124.098
20340 124.298
20350 124.46
20360 124.581
20370 124.66
20380 124.694
20390 124.683
20400 124.624
20410 124.514
20420 124.352
20430 124.137
20440 123.865
20450 123.535
20460 123.146
20470 122.696
20480 122.182
20490 121.605
20500 120.962
20510 120.254
20520 119.479
20530 118.638
20540 117.731
20550 116.758
20560 115.721
20570 114.62
20580 113.457
20590 112.235
20600 110.956
20610 109.622
20620 108.236
20630 106.802
20640 105.323
20650 103.802
20660 102.243
20670 100.651
20680 99.0277
20690 97.3784
20700 95.7066
20710 94.0159
20720 92.31
20730 90.5925
20740 88.8668
20750 87.1361
20760 85.4037
20770 83.6723
20780 81.9449
20790 80.224
20800 78.5119
20810 76.8111
20820 75.1234
20830 73.4507
20840 71.7949
20850 70.1574
20860 68.5395
20870 66.9426
20880 65.3678
20890 63.8159
20900 62.2879
20910 60.7844
20920 59.3061
20930 57.8534
20940 56.4268
20950 55.0266
20960 53.653
20970 52.3062
20980 50.9863
20990 49.6933
21000 48.4273
21010 47.188
21020 45.9755
21030 44.7896
21040 43.63
21050 42.4966
21060 41.3891
21070 40.3071
21080 39.2505
21090 38.2188
21100 37.2117
21110 36.2288
21120 35.2698
21130 34.3344
21140 33.422
21150 32.5322
21160 31.6648
21170 30.8192
21180 29.9951
21190 29.192
21200 28.4095
21210 27.6471
21220 26.9046
21230 26.1814
21240 25.4771
21250 24.7913
21260 24.1237
21270 23.4737
21280 22.8411
21290 22.2253
21300 21.6261
21310 21.043
21320 20.4757
21330 19.9238
21340 19.3868
21350 18.8645
21360 18.3565
21370 17.8625
21380 17.3821
21390 16.9149
21400 16.4607
21410 16.0192
21420 15.5899
21430 15.1727
21440 14.7671
21450 14.373
21460 13.99
21470 13.6179
21480 13.2563
21490 12.9051
21500 12.5639
21510 12.2326
21520 11.9108
21530 11.5983
21540 11.2949
21550 11.0004
21560 10.7146
21570 10.4372
21580 10.168
21590 9.90685
21600 9.65356
21610 9.40793
21620 9.16978
21630 8.93894
21640 8.71525
21650 8.49854
21660 8.28866
21670 8.08546
21680 7.8888
21690 7.69855
21700 7.51458
21710 7.33676
21720 7.16499
21730 6.99914
21740 6.83913
21750 6.68484
21760 6.5362
21770 6.39312
21780 6.25553
21790 6.12334
21800 5.99651
21810 5.87498
21820 5.7587
21830 5.64762
21840 5.54172
21850 5.44096
21860 5.34535
21870 5.25485
21880 5.16948
21890 5.08924
21900 5.01414
21910 4.94422
21920 4.87952
21930 4.82007
21940 4.76593
21950 4.71717
21960 4.67387
21970 4.63612
21980 4.60402
21990 4.57768
22000 4.55723
22010 4.54281
22020 4.53457
22030 4.53268
22040 4.53731
22050 4.54867
22060 4.56697
22070 4.59243
22080 4.6253
22090 4.66583
22100 4.7143
22110 4.77101
22120 4.83626
22130 4.91038
22140 4.99372
22150 5.08663
22160 5.1895
22170 5.30273
22180 5.42673
22190 5.56192
22200 5.70877
22210 5.86773
22220 6.03927
22230 6.2239
22240 6.42212
22250 6.63444
22260 6.8614
22270 7.10353
22280 7.36138
22290 7.6355
22300 7.92644
22310 8.23475
22320 8.561
22330 8.90574
22340 9.2695
22350 9.65283
22360 10.0563
22370 10.4803
22380 10.9254
22390 11.392
22400 11.8807
22410 12.3918
22420 12.9257
22430 13.4828
22440 14.0633
22450 14.6676
22460 15.296
22470 15.9485
22480 16.6254
22490 17.3268
22500 18.0526
22510 18.803
22520 19.578
22530 20.3773
22540 21.2009
22550 22.0485
22560 22.92
22570 23.8151
22580 24.7334
22590 25.6746
22600 26.6382
22610 27.6238
22620 28.6308
22630 29.6588
22640 30.7071
22650 31.7752
22660 32.8624
22670 33.968
22680 35.0914
22690 36.2317
22700 37.3884
22710 38.5605
22720 39.7474
22730 40.9482
22740 42.1621
22750 43.3883
22760 44.6261
22770 45.8744
22780 47.1326
22790 48.3998
22800 49.6751
22810 50.9578
22820 52.2469
22830 53.5416
22840 54.8412
22850 56.1449
22860 57.4517
22870 58.761
22880 60.0719
22890 61.3837
22900 62.6956
22910 64.0068
22920 65.3168
22930 66.6246
22940 67.9297
22950 69.2314
22960 70.5289
22970 71.8217
22980 73.1092
22990 74.3906
23000 75.6655
23010 76.9332
23020 78.1933
23030 79.445
23040 80.688
23050 81.9218
23060 83.1458
23070 84.3596
23080 85.5627
23090 86.7547
23100 87.9351
23110 89.1037
23120 90.2599
23130 91.4035
23140 92.534
23150 93.6511
23160 94.7544
23170 95.8438
23180 96.9187
23190 97.979
23200 99.0243
23210 100.054
23220 101.069
23230 102.068
23240 103.05
23250 104.017
23260 104.966
23270 105.899
23280 106.815
23290 107.714
23300 108.594
23310 109.457
23320 110.302
23330 111.128
23340 111.935
23350 112.723
23360 113.492
23370 114.241
23380 114.97
23390 115.678
23400 116.365
23410 117.031
23420 117.674
23430 118.296
23440 118.894
23450 119.468
23460 120.018
23470 120.543
23480 121.042
23490 121.514
23500 121.958
23510 122.374
23520 122.76
23530 123.115
23540 123.437
23550 123.727
23560 123.981
23570 124.198
23580 124.378
23590 124.518
23600 124.616
23610 124.671
23620 124.68
23630 124.642
23640 124.555
23650 124.417
23660 124.225
23670 123.978
23680 123.674
23690 123.311
23700 122.887
23710 122.401
23720 121.851
23730 121.237
23740 120.557
23750 119.81
23760 118.997
23770 118.118
23780 117.173
23790 116.162
23800 115.087
23810 113.95
23820 112.752
23830 111.496
23840 110.184
23850 108.819
23860 107.404
23870 105.942
23880 104.438
23890 102.894
23900 101.314
23910 99.7028
23920 98.0633
23930 96.3996
23940 94.7155
23950 93.0147
23960 91.3008
23970 89.5774
23980 87.8476
23990 86.1148
24000 84.3819
24010 82.6519
24020 80.9273
24030 79.2106
24040 77.5043
24050 75.8103
24060 74.1307
24070 72.4672
24080 70.8214
24090 69.1948
24100 67.5887
24110 66.0043
24120 64.4425
24130 62.9042
24140 61.3902
24150 59.9011
24160 58.4376
24170 57
24180 55.5886
24190 54.2039
24200 52.8459
24210 51.5147
24220 50.2106
24230 48.9333
24240 47.683
24250 46.4595
24260 45.2626
24270 44.0922
24280 42.948
24290 41.8299
24300 40.7375
24310 39.6705
24320 38.6286
24330 37.6115
24340 36.6188
24350 35.6501
24360 34.7051
24370 33.7834
24380 32.8845
24390 32.0081
24400 31.1537
24410 30.3209
24420 29.5093
24430 28.7185
24440 27.9481
24450 27.1976
24460 26.4666
24470 25.7548
24480 25.0616
24490 24.3867
24500 23.7297
24510 23.0902
24520 22.4677
24530 21.8619
24540 21.2724
24550 20.6988
24560 20.1407
24570 19.5979
24580 19.0698
24590 18.5561
24600 18.0566
24610 17.5707
24620 17.0984
24630 16.639
24640 16.1925
24650 15.7584
24660 15.3364
24670 14.9263
24680 14.5277
24690 14.1403
24700 13.7639
24710 13.3982
24720 13.043
24730 12.6979
24740 12.3627
24750 12.0371
24760 11.721
24770 11.4141
24780 11.1161
24790 10.8269
24800 10.5462
24810 10.2739
24820 10.0096
24830 9.75328
24840 9.50469
24850 9.26366
24860 9.03
24870 8.80355
24880 8.58416
24890 8.37165
24900 8.16589
24910 7.96673
24920 7.77403
24930 7.58766
24940 7.4075
24950 7.23343
24960 7.06533
24970 6.90311
24980 6.74666
24990 6.59589
25000 6.45072
25010 6.31107
25020 6.17686
25030 6.04804
25040 5.92454
25050 5.8063
25060 5.6933
25070 5.5855
25080 5.48286
25090 5.38536
25100 5.293
25110 5.20577
25120 5.12367
25130 5.04672
25140 4.97495
25150 4.90838
25160 4.84706
25170 4.79105
25180 4.74039
25190 4.69518
25200 4.65549
25210 4.62143
25220 4.59309
25230 4.57061
25240 4.55412
25250 4.54377
25260 4.53971
25270 4.54213
25280 4.55122
25290 4.56719
25300 4.59024
25310 4.62064
25320 4.65861
25330 4.70445
25340 4.75843
25350 4.82086
25360 4.89207
25370 4.97238
25380 5.06217
25390 5.16179
25400 5.27166
25410 5.39216
25420 5.52374
25430 5.66683
25440 5.82189
25450 5.9894
25460 6.16984
25470 6.36373
25480 6.57156
25490 6.79388
25500 7.03121
25510 7.2841
25520 7.55311
25530 7.83877
25540 8.14167
25550 8.46234
25560 8.80134
25570 9.15923
25580 9.53654
25590 9.9338
25600 10.3515
25610 10.7902
25620 11.2504
25630 11.7324
25640 12.2368
25650 12.7639
25660 13.3142
25670 13.8878
25680 14.4852
25690 15.1066
25700 15.7521
25710 16.4221
25720 17.1165
25730 17.8354
25740 18.579
25750 19.3472
25760 20.1398
25770 20.9568
25780 21.798
25790 22.6632
25800 23.5521
25810 24.4643
25820 25.3996
25830 26.3576
25840 27.3377
25850 28.3394
25860 29.3623
25870 30.4058
25880 31.4693
25890 32.552
25900 33.6535
25910 34.7729
25920 35.9096
25930 37.0628
25940 38.2318
25950 39.4157
25960 40.6138
25970 41.8253
25980 43.0494
25990 44.2851
26000 45.5318
26010 46.7886
26020 48.0545
26030 49.3289
26040 50.6108
26050 51.8994
26060 53.1939
26070 54.4934
26080 55.7972
26090 57.1044
26100 58.4142
26110 59.7259
26120 61.0386
26130 62.3517
26140 63.6643
26150 64.9757
26160 66.2852
26170 67.5922
26180 68.8958
26190 70.1955
26200 71.4906
26210 72.7805
26220 74.0645
26230 75.3421
26240 76.6127
26250 77.8756
26260 79.1305
26270 80.3767
26280 81.6137
26290 82.8411
26300 84.0584
26310 85.265
26320 86.4607
26330 87.645
26340 88.8174
26350 89.9775
26360 91.1251
26370 92.2596
26380 93.3809
26390 94.4885
26400 95.5821
26410 96.6614
26420 97.7261
26430 98.7759
26440 99.8106
26450 100.83
26460 101.833
26470 102.821
26480 103.792
26490 104.746
26500 105.684
26510 106.605
26520 107.509
26530 108.395
26540 109.263
26550 110.113
26560 110.944
26570 111.757
26580 112.551
26590 113.326
26600 114.08
26610 114.815
26620 115.53
26630 116.223
26640 116.895
26650 117.546
26660 118.174
26670 118.779
26680 119.361
26690 119.918
26700 120.451
26710 120.958
26720 121.439
26730 121.892
26740 122.317
26750 122.713
26760 123.078
26770 123.412
26780 123.712
26790 123.978
26800 124.208
26810 124.4
26820 124.554
26830 124.666
26840 124.736
26850 124.761
26860 124.739
26870 124.669
26880 124.549
26890 124.375
26900 124.148
26910 123.863
26920 123.521
26930 123.118
26940 122.654
26950 122.126
26960 121.534
26970 120.876
26980 120.153
26990 119.363
27000 118.506
27010 117.584
27020 116.595
27030 115.543
27040 114.427
27050 113.249
27060 112.013
27070 110.72
27080 109.372
27090 107.974
27100 106.527
27110 105.037
27120 103.506
27130 101.937
27140 100.336
27150 98.7047
27160 97.0482
27170 95.3699
27180 93.6737
27190 91.963
27200 90.2416
27210 88.5127
27220 86.7796
27230 85.0454
27240 83.3131
27250 81.5853
27260 79.8646
27270 78.1533
27280 76.4538
27290 74.7679
27300 73.0976
27310 71.4444
27320 69.8099
27330 68.1955
27340 66.6024
27350 65.0315
27360 63.4839
27370 61.9604
27380 60.4616
27390 58.9881
27400 57.5404
27410 56.1189
27420 54.7239
27430 53.3556
27440 52.0142
27450 50.6997
27460 49.4122
27470 48.1516
27480 46.9179
27490 45.7109
27500 44.5305
27510 43.3764
27520 42.2484
27530 41.1462
27540 40.0697
27550 39.0183
27560 37.9919
27570 36.99
27580 36.0123
27590 35.0584
27600 34.1279
27610 33.2204
27620 32.3355
27630 31.4729
27640 30.632
27650 29.8124
27660 29.0139
27670 28.2358
27680 27.4778
27690 26.7396
27700 26.0205
27710 25.3204
27720 24.6386
27730 23.9749
27740 23.3288
27750 22.7
27760 22.0879
27770 21.4923
27780 20.9128
27790 20.3489
27800 19.8004
27810 19.2667
27820 18.7477
27830 18.2428
27840 17.7519
27850 17.2745
27860 16.8103
27870 16.3589
27880 15.9202
27890 15.4937
27900 15.0791
27910 14.6762
27920 14.2846
27930 13.9041
27940 13.5344
27950 13.1752
27960 12.8263
27970 12.4874
27980 12.1583
27990 11.8386
28000 11.5283
28010 11.2269
28020 10.9344
28030 10.6505
28040 10.3751
28050 10.1077
28060 9.84844
28070 9.59694
28080 9.35307
28090 9.11663
28100 8.88747
28110 8.66542
28120 8.45032
28130 8.24202
28140 8.04036
28150 7.84523
28160 7.65647
28170 7.47396
28180 7.29758
28190 7.12722
28200 6.96278
28210 6.80414
28220 6.65122
28230 6.50392
28240 6.36217
28250 6.22589
28260 6.09501
28270 5.96947
28280 5.84923
28290 5.73423
28300 5.62443
28310 5.51981
28320 5.42033
28330 5.326
28340 5.23679
28350 5.15271
28360 5.07377
28370 4.99999
28380 4.93141
28390 4.86805
28400 4.80997
28410 4.75722
28420 4.70989
28430 4.66804
28440 4.63177
28450 4.60119
28460 4.5764
28470 4.55756
28480 4.54478
28490 4.53824
28500 4.5381
28510 4.54455
28520 4.55779
28530 4.57803
28540 4.60551
28550 4.64047
28560 4.68318
28570 4.73391
28580 4.79297
28590 4.86067
28600 4.93735
28610 5.02334
28620 5.11903
28630 5.22479
28640 5.34103
28650 5.46816
28660 5.60663
28670 5.75688
28680 5.91938
28690 6.09462
28700 6.28309
28710 6.48531
28720 6.70179
28730 6.93306
28740 7.17968
28750 7.44217
28760 7.7211
28770 8.01703
28780 8.3305
28790 8.66208
28800 9.01231
28810 9.38174
28820 9.7709
28830 10.1803
28840 10.6105
28850 11.0619
28860 11.535
28870 12.0303
28880 12.5481
28890 13.0889
28900 13.6529
28910 14.2405
28920 14.852
28930 15.4876
28940 16.1475
28950 16.8318
28960 17.5406
28970 18.2739
28980 19.0318
28990 19.8142
29000 20.621
29010 21.4521
29020 22.3072
29030 23.186
29040 24.0884
29050 25.0139
29060 25.9622
29070 26.9328
29080 27.9253
29090 28.939
29100 29.9736
29110 31.0284
29120 32.1027
29130 33.196
29140 34.3075
29150 35.4365
29160 36.5823
29170 37.7442
29180 38.9214
29190 40.113
29200 41.3184
29210 42.5366
29220 43.767
29230 45.0085
29240 46.2604
29250 47.5219
29260 48.7922
29270 50.0703
29280 51.3555
29290 52.6469
29300 53.9437
29310 55.2451
29320 56.5502
29330 57.8583
29340 59.1686
29350 60.4803
29360 61.7926
29370 63.1048
29380 64.4162
29390 65.7259
29400 67.0334
29410 68.3379
29420 69.6387
29430 70.9352
29440 72.2268
29450 73.5128
29460 74.7926
29470 76.0656
29480 77.3313
29490 78.5891
29500 79.8385
29510 81.079
29520 82.3101
29530 83.5312
29540 84.742
29550 85.9419
29560 87.1306
29570 88.3077
29580 89.4727
29590 90.6252
29600 91.765
29610 92.8916
29620 94.0046
29630 95.1039
29640 96.189
29650 97.2596
29660 98.3154
29670 99.3563
29680 100.382
29690 101.392
29700 102.386
29710 103.363
29720 104.325
29730 105.27
29740 106.197
29750 107.108
29760 108.001
29770 108.877
29780 109.734
29790 110.573
29800 111.394
29810 112.196
29820 112.978
29830 113.741
29840 114.484
29850 115.207
29860 115.909
29870 116.59
29880 117.249
29890 117.886
29900 118.501
29910 119.092
29920 119.659
29930 120.202
29940 120.72
29950 121.211
29960 121.676
29970 122.112
29980 122.519
29990 122.897
30000 123.243
30010 123.556
30020 123.836
30030 124.08
30040 124.288
30050 124.456
30060 124.585
30070 124.671
30080 124.714
30090 124.711
30100 124.66
30110 124.559
30120 124.407
30130 124.2
30140 123.938
30150 123.618
30160 123.239
30170 122.799
30180 122.295
30190 121.728
30200 121.096
30210 120.398
30220 119.634
30230 118.803
30240 117.906
30250 116.943
30260 115.915
30270 114.824
30280 113.67
30290 112.456
30300 111.185
30310 109.858
30320 108.479
30330 107.051
30340 105.578
30350 104.062
30360 102.508
30370 100.919
30380 99.2995
30390 97.6529
30400 95.9831
30410 94.2938
30420 92.5889
30430 90.8717
30440 89.1459
30450 87.4146
30460 85.6811
30470 83.9483
30480 82.219
30490 80.4958
30500 78.7813
30510 77.0776
30520 75.3868
30530 73.7109
30540 72.0515
30550 70.4103
30560 68.7886
30570 67.1877
30580 65.6087
30590 64.0527
30600 62.5203
30610 61.0125
30620 59.5297
30630 58.0726
30640 56.6415
30650 55.2368
30660 53.8587
30670 52.5075
30680 51.1831
30690 49.8857
30700 48.6152
30710 47.3717
30720 46.1548
30730 44.9646
30740 43.8009
30750 42.6633
30760 41.5517
30770 40.4657
30780 39.4051
30790 38.3695
30800 37.3585
30810 36.3719
30820 35.4093
30830 34.4702
30840 33.5542
30850 32.6611
30860 31.7902
30870 30.9413
30880 30.1139
30890 29.3077
30900 28.522
30910 27.7567
30920 27.0112
30930 26.2851
30940 25.578
30950 24.8894
30960 24.2191
30970 23.5665
30980 22.9313
30990 22.3131
31000 21.7115
31010 21.126
31020 20.5564
31030 20.0022
31040 19.463
31050 18.9386
31060 18.4285
31070 17.9325
31080 17.4501
31090 16.981
31100 16.525
31110 16.0816
31120 15.6506
31130 15.2316
31140 14.8244
31150 14.4286
31160 14.0441
31170 13.6704
31180 13.3073
31190 12.9547
31200 12.6121
31210 12.2793
31220 11.9562
31230 11.6424
31240 11.3377
31250 11.042
31260 10.7549
31270 10.4764
31280 10.206
31290 9.94378
31300 9.68941
31310 9.44273
31320 9.20355
31330 8.97171
31340 8.74704
31350 8.52938
31360 8.31858
31370 8.11447
31380 7.91693
31390 7.72582
31400 7.54101
31410 7.36237
31420 7.1898
31430 7.02317
31440 6.86239
31450 6.70736
31460 6.55798
31470 6.41418
31480 6.27588
31490 6.14301
31500 6.0155
31510 5.8933
31520 5.77636
31530 5.66463
31540 5.55809
31550 5.45671
31560 5.36047
31570 5.26936
31580 5.18338
31590 5.10253
31600 5.02684
31610 4.95632
31620 4.89102
31630 4.83097
31640 4.77624
31650 4.72689
31660 4.683
31670 4.64465
31680 4.61194
31690 4.585
31700 4.56393
31710 4.54889
31720 4.54002
31730 4.53748
31740 4.54147
31750 4.55217
31760 4.56979
31770 4.59456
31780 4.62671
31790 4.66652
31800 4.71425
31810 4.77019
31820 4.83465
31830 4.90796
31840 4.99047
31850 5.08252
31860 5.18451
31870 5.29682
31880 5.41988
31890 5.5541
31900 5.69994
31910 5.85787
31920 6.02835
31930 6.21188
31940 6.40896
31950 6.62012
31960 6.84587
31970 7.08677
31980 7.34335
31990 7.61616
32000 7.90577
32010 8.21272
32020 8.53758
32030 8.8809
32040 9.24322
32050 9.62507
32060 10.027
32070 10.4495
32080 10.8931
32090 11.3582
32100 11.8453
32110 12.3549
32120 12.8872
32130 13.4427
32140 14.0218
32150 14.6245
32160 15.2514
32170 15.9024
32180 16.5778
32190 17.2777
32200 18.0022
32210 18.7513
32220 19.5249
32230 20.3229
32240 21.1452
32250 21.9917
32260 22.8621
32270 23.7562
32280 24.6735
32290 25.6137
32300 26.5764
32310 27.5612
32320 28.5675
32330 29.5948
32340 30.6426
32350 31.7101
32360 32.7968
32370 33.9021
32380 35.0251
32390 36.1652
32400 37.3217
32410 38.4937
32420 39.6805
32430 40.8813
32440 42.0953
32450 43.3216
32460 44.5595
32470 45.8081
32480 47.0666
32490 48.3341
32500 49.6098
32510 50.8928
32520 52.1824
32530 53.4777
32540 54.7779
32550 56.0821
32560 57.3895
32570 58.6994
32580 60.011
32590 61.3235
32600 62.6362
32610 63.9482
32620 65.2589
32630 66.5676
32640 67.8735
32650 69.176
32660 70.4744
32670 71.7681
32680 73.0565
32690 74.3388
32700 75.6146
32710 76.8833
32720 78.1442
32730 79.3969
32740 80.6409
32750 81.8756
32760 83.1006
32770 84.3153
32780 85.5194
32790 86.7124
32800 87.8939
32810 89.0634
32820 90.2206
32830 91.3652
32840 92.4967
32850 93.6148
32860 94.7192
32870 95.8096
32880 96.8856
32890 97.9469
32900 98.9933
32910 100.024
32920 101.04
32930 102.04
32940 103.024
32950 103.991
32960 104.942
32970 105.876
32980 106.793
32990 107.693
33000 108.574
33010 109.439
33020 110.284
33030 111.112
33040 111.92
33050 112.71
33060 113.48
33070 114.23
33080 114.961
33090 115.67
33100 116.359
33110 117.026
33120 117.672
33130 118.294
33140 118.894
33150 119.471
33160 120.023
33170 120.55
33180 121.051
33190 121.525
33200 121.972
33210 122.39
33220 122.779
33230 123.137
33240 123.462
33250 123.755
33260 124.012
33270 124.233
33280 124.417
33290 124.56
33300 124.663
33310 124.722
33320 124.736
33330 124.703
33340 124.621
33350 124.488
33360 124.302
33370 124.061
33380 123.763
33390 123.406
33400 122.988
33410 122.509
33420 121.966
33430 121.358
33440 120.684
33450 119.945
33460 119.139
33470 118.266
33480 117.328
33490 116.324
33500 115.256
33510 114.125
33520 112.933
33530 111.683
33540 110.376
33550 109.016
33560 107.606
33570 106.149
33580 104.648
33590 103.108
33600 101.531
33610 99.9224
33620 98.2852
33630 96.6233
33640 94.9406
33650 93.2408
33660 91.5275
33670 89.8042
33680 88.0743
33690 86.3409
33700 84.6072
33710 82.876
33720 81.15
33730 79.4317
33740 77.7234
33750 76.0273
33760 74.3454
33770 72.6794
33780 71.0309
33790 69.4015
33800 67.7925
33810 66.2049
33820 64.6399
33830 63.0984
33840 61.5811
33850 60.0887
33860 58.6217
33870 57.1807
33880 55.7658
33890 54.3776
33900 53.0161
33910 51.6815
33920 50.3738
33930 49.0931
33940 47.8393
33950 46.6123
33960 45.412
33970 44.2382
33980 43.0907
33990 41.9693
34000 40.8736
34010 39.8034
34020 38.7584
34030 37.7381
34040 36.7423
34050 35.7706
34060 34.8227
34070 33.898
34080 32.9962
34090 32.117
34100 31.2598
34110 30.4243
34120 29.6101
34130 28.8167
34140 28.0437
34150 27.2908
34160 26.5574
34170 25.8431
34180 25.1476
34190 24.4704
34200 23.8112
34210 23.1695
34220 22.5449
34230 21.937
34240 21.3454
34250 20.7699
34260 20.2099
34270 19.6651
34280 19.1351
34290 18.6197
34300 18.1184
34310 17.6308
34320 17.1568
34330 16.6958
34340 16.2477
34350 15.812
34360 15.3885
34370 14.9769
34380 14.5769
34390 14.1881
34400 13.8104
34410 13.4433
34420 13.0868
34430 12.7404
34440 12.4039
34450 12.0772
34460 11.7599
34470 11.4518
34480 11.1527
34490 10.8624
34500 10.5807
34510 10.3072
34520 10.042
34530 9.78464
34540 9.53507
34550 9.29308
34560 9.05849
34570 8.83113
34580 8.61084
34590 8.39746
34600 8.19084
34610 7.99084
34620 7.79732
34630 7.61014
34640 7.42919
34650 7.25433
34660 7.08547
34670 6.9225
34680 6.7653
34690 6.6138
34700 6.46791
34710 6.32754
34720 6.19263
34730 6.0631
34740 5.9389
34750 5.81998
34760 5.70629
34770 5.5978
34780 5.49448
34790 5.3963
34800 5.30326
34810 5.21534
34820 5.13256
34830 5.05492
34840 4.98245
34850 4.91518
34860 4.85314
34870 4.79641
34880 4.74502
34890 4.69906
34900 4.65861
34910 4.62377
34920 4.59464
34930 4.57135
34940 4.55402
34950 4.54281
34960 4.53787
34970 4.53938
34980 4.54753
34990 4.56252
35000 4.58457
35010 4.61392
35020 4.65082
35030 4.69554
35040 4.74836
35050 4.80958
35060 4.87952
35070 4.95853
35080 5.04695
35090 5.14516
35100 5.25354
35110 5.37251
35120 5.50248
35130 5.6439
35140 5.79722
35150 5.96292
35160 6.14149
35170 6.33341
35180 6.53921
35190 6.75941
35200 6.99455
35210 7.24516
35220 7.5118
35230 7.79502
35240 8.09538
35250 8.41343
35260 8.74973
35270 9.10483
35280 9.47926
35290 9.87357
35300 10.2883
35310 10.7238
35320 11.1808
35330 11.6596
35340 12.1606
35350 12.6843
35360 13.231
35370 13.8011
35380 14.3949
35390 15.0126
35400 15.6545
35410 16.3207
35420 17.0113
35430 17.7265
35440 18.4663
35450 19.2306
35460 20.0194
35470 20.8325
35480 21.6699
35490 22.5312
35500 23.4163
35510 24.3248
35520 25.2564
35530 26.2106
35540 27.1871
35550 28.1853
35560 29.2046
35570 30.2447
35580 31.3047
35590 32.3842
35600 33.4824
35610 34.5987
35620 35.7324
35630 36.8827
35640 38.0488
35650 39.23
35660 40.4255
35670 41.6345
35680 42.8562
35690 44.0897
35700 45.3343
35710 46.589
35720 47.8531
35730 49.1257
35740 50.406
35750 51.6931
35760 52.9862
35770 54.2845
35780 55.5872
35790 56.8934
35800 58.2024
35810 59.5133
35820 60.8254
35830 62.138
35840 63.4503
35850 64.7615
35860 66.0709
35870 67.3779
35880 68.6816
35890 69.9816
35900 71.2771
35910 72.5674
35920 73.852
35930 75.1303
35940 76.4016
35950 77.6655
35960 78.9213
35970 80.1686
35980 81.4068
35990 82.6354
36000 83.854
36010 85.0621
36020 86.2593
36030 87.4451
36040 88.6192
36050 89.7811
36060 90.9304
36070 92.0669
36080 93.1901
36090 94.2996
36100 95.3953
36110 96.4767
36120 97.5436
36130 98.5956
36140 99.6325
36150 100.654
36160 101.66
36170 102.65
36180 103.623
36190 104.581
36200 105.521
36210 106.444
36220 107.35
36230 108.239
36240 109.11
36250 109.963
36260 110.797
36270 111.613
36280 112.41
36290 113.187
36300 113.945
36310 114.683
36320 115.4
36330 116.097
36340 116.772
36350 117.426
36360 118.057
36370 118.666
36380 119.251
36390 119.812
36400 120.349
36410 120.86
36420 121.344
36430 121.802
36440 122.231
36450 122.631
36460 123
36470 123.338
36480 123.643
36490 123.914
36500 124.149
36510 124.347
36520 124.506
36530 124.624
36540 124.699
36550 124.731
36560 124.716
36570 124.652
36580 124.539
36590 124.373
36600 124.153
36610 123.876
36620 123.541
36630 123.147
36640 122.691
36650 122.172
36660 121.588
36670 120.94
36680 120.225
36690 119.444
36700 118.597
36710 117.683
36720 116.703
36730 115.659
36740 114.552
36750 113.383
36760 112.154
36770 110.868
36780 109.528
36790 108.136
36800 106.697
36810 105.212
36820 103.686
36830 102.123
36840 100.526
36850 98.8988
36860 97.2458
36870 95.5705
36880 93.8768
36890 92.1682
36900 90.4484
36910 88.7207
36920 86.9884
36930 85.2545
36940 83.5222
36950 81.794
36960 80.0726
36970 78.3604
36980 76.6596
36990 74.9722
37000 73.3
37010 71.6449
37020 70.0083
37030 68.3915
37040 66.7958
37050 65.2224
37060 63.672
37070 62.1456
37080 60.6438
37090 59.1673
37100 57.7165
37110 56.2919
37120 54.8937
37130 53.5222
37140 52.1775
37150 50.8598
37160 49.569
37170 48.3052
37180 47.0682
37190 45.858
37200 44.6743
37210 43.517
37220 42.3858
37230 41.2806
37240 40.2009
37250 39.1465
37260 38.117
37270 37.1121
37280 36.1315
37290 35.1747
37300 34.2413
37310 33.331
37320 32.4434
37330 31.578
37340 30.7345
37350 29.9124
37360 29.1112
37370 28.3307
37380 27.5703
37390 26.8296
37400 26.1082
37410 25.4057
37420 24.7218
37430 24.0559
37440 23.4076
37450 22.7767
37460 22.1626
37470 21.565
37480 20.9835
37490 20.4177
37500 19.8672
37510 19.3318
37520 18.8109
37530 18.3044
37540 17.8117
37550 17.3327
37560 16.8669
37570 16.414
37580 15.9737
37590 15.5457
37600 15.1296
37610 14.7253
37620 14.3323
37630 13.9505
37640 13.5795
37650 13.219
37660 12.8688
37670 12.5287
37680 12.1984
37690 11.8776
37700 11.5661
37710 11.2636
37720 10.9701
37730 10.6851
37740 10.4086
37750 10.1403
37760 9.88003
37770 9.62758
37780 9.38277
37790 9.14543
37800 8.91538
37810 8.69246
37820 8.47651
37830 8.26738
37840 8.06492
37850 7.86898
37860 7.67944
37870 7.49617
37880 7.31905
37890 7.14796
37900 6.98279
37910 6.82344
37920 6.66982
37930 6.52183
37940 6.3794
37950 6.24245
37960 6.11091
37970 5.98472
37980 5.86383
37990 5.74818
38000 5.63775
38010 5.53249
38020 5.43238
38030 5.33742
38040 5.24758
38050 5.16287
38060 5.0833
38070 5.00888
38080 4.93966
38090 4.87565
38100 4.81692
38110 4.76352
38120 4.71551
38130 4.67299
38140 4.63603
38150 4.60474
38160 4.57924
38170 4.55966
38180 4.54613
38190 4.53882
38200 4.53788
38210 4.54351
38220 4.55591
38230 4.57528
38240 4.60186
38250 4.63589
38260 4.67764
38270 4.72738
38280 4.7854
38290 4.85203
38300 4.92759
38310 5.01243
38320 5.10692
38330 5.21143
38340 5.32637
38350 5.45215
38360 5.58922
38370 5.73801
38380 5.899
38390 6.07267
38400 6.25952
38410 6.46004
38420 6.67477
38430 6.90423
38440 7.14896
38450 7.40951
38460 7.68644
38470 7.98029
38480 8.29163
38490 8.621
38500 8.96897
38510 9.33608
38520 9.72286
38530 10.1298
38540 10.5575
38550 11.0064
38560 11.4769
38570 11.9695
38580 12.4847
38590 13.0227
38600 13.584
38610 14.1688
38620 14.7775
38630 15.4103
38640 16.0674
38650 16.7488
38660 17.4548
38670 18.1853
38680 18.9404
38690 19.72
38700 20.524
38710 21.3523
38720 22.2047
38730 23.0809
38740 23.9807
38750 24.9036
38760 25.8494
38770 26.8176
38780 27.8077
38790 28.8192
38800 29.8515
38810 30.9041
38820 31.9764
38830 33.0677
38840 34.1773
38850 35.3046
38860 36.4487
38870 37.609
38880 38.7846
38890 39.9749
38900 41.1789
38910 42.396
38920 43.6252
38930 44.8657
38940 46.1167
38950 47.3774
38960 48.6469
38970 49.9244
38980 51.2091
38990 52.5001
39000 53.7965
39010 55.0977
39020 56.4027
39030 57.7107
39040 59.0211
39050 60.3329
39060 61.6454
39070 62.9579
39080 64.2696
39090 65.5798
39100 66.8878
39110 68.1928
39120 69.4943
39130 70.7916
39140 72.0839
39150 73.3708
39160 74.6515
39170 75.9255
39180 77.1923
39190 78.4512
39200 79.7018
39210 80.9435
39220 82.1758
39230 83.3982
39240 84.6103
39250 85.8117
39260 87.0018
39270 88.1803
39280 89.3469
39290 90.501
39300 91.6423
39310 92.7705
39320 93.8853
39330 94.9862
39340 96.073
39350 97.1454
39360 98.2031
39370 99.2457
39380 100.273
39390 101.285
39400 102.281
39410 103.26
39420 104.224
39430 105.171
39440 106.1
39450 107.013
39460 107.908
39470 108.786
39480 109.645
39490 110.487
39500 111.309
39510 112.113
39520 112.898
39530 113.663
39540 114.409
39550 115.134
39560 115.839
39570 116.522
39580 117.184
39590 117.824
39600 118.441
39610 119.035
39620 119.605
39630 120.151
39640 120.672
39650 121.166
39660 121.634
39670 122.074
39680 122.485
39690 122.866
39700 123.216
39710 123.534
39720 123.817
39730 124.066
39740 124.278
39750 124.452
39760 124.585
39770 124.677
39780 124.725
39790 124.728
39800 124.683
39810 124.588
39820 124.442
39830 124.243
39840 123.988
39850 123.675
39860 123.303
39870 122.87
39880 122.375
39890 121.816
39900 121.192
39910 120.502
39920 119.746
39930 118.924
39940 118.035
39950 117.08
39960 116.06
39970 114.976
39980 113.83
39990 112.623
40000 111.359
40010 110.039
40020 108.666
40030 107.244
40040 105.776
40050 104.265
40060 102.715
40070 101.13
40080 99.514
40090 97.8703
40100 96.2029
40110 94.5157
40120 92.8123
40130 91.0962
40140 89.3711
40150 87.6401
40160 85.9064
40170 84.1732
40180 82.4431
40190 80.7188
40200 79.0029
40210 77.2975
40220 75.6048
40230 73.9267
40240 72.265
40250 70.6212
40260 68.9968
40270 67.3931
40280 65.8112
40290 64.252
40300 62.7165
40310 61.2054
40320 59.7193
40330 58.2588
40340 56.8243
40350 55.4161
40360 54.0345
40370 52.6798
40380 51.3519
40390 50.051
40400 48.777
40410 47.5299
40420 46.3097
40430 45.116
40440 43.9489
40450 42.8079
40460 41.6929
40470 40.6037
40480 39.5398
40490 38.501
40500 37.4869
40510 36.4972
40520 35.5314
40530 34.5893
40540 33.6704
40550 32.7743
40560 31.9006
40570 31.0489
40580 30.2188
40590 29.4098
40600 28.6216
40610 27.8537
40620 27.1056
40630 26.377
40640 25.6675
40650 24.9766
40660 24.304
40670 23.6492
40680 23.0118
40690 22.3914
40700 21.7876
40710 21.2001
40720 20.6285
40730 20.0723
40740 19.5313
40750 19.005
40760 18.4931
40770 17.9952
40780 17.5111
40790 17.0404
40800 16.5826
40810 16.1377
40820 15.7051
40830 15.2846
40840 14.8759
40850 14.4787
40860 14.0927
40870 13.7176
40880 13.3532
40890 12.9992
40900 12.6554
40910 12.3214
40920 11.997
40930 11.682
40940 11.3762
40950 11.0794
40960 10.7912
40970 10.5115
40980 10.2402
40990 9.97691
41000 9.72154
41010 9.47388
41020 9.23375
41030 9.00099
41040 8.77541
41050 8.55686
41060 8.34518
41070 8.14023
41080 7.94186
41090 7.74993
41100 7.56432
41110 7.3849
41120 7.21156
41130 7.04418
41140 6.88265
41150 6.72689
41160 6.5768
41170 6.43229
41180 6.29329
41190 6.15973
41200 6.03154
41210 5.90866
41220 5.79105
41230 5.67866
41240 5.57146
41250 5.46943
41260 5.37253
41270 5.28077
41280 5.19413
41290 5.11263
41300 5.03628
41310 4.9651
41320 4.89913
41330 4.83841
41340 4.783
41350 4.73296
41360 4.68837
41370 4.64931
41380 4.61588
41390 4.5882
41400 4.56638
41410 4.55056
41420 4.5409
41430 4.53755
41440 4.54069
41450 4.55053
41460 4.56726
41470 4.59111
41480 4.62231
41490 4.66113
41500 4.70784
41510 4.76272
41520 4.82609
41530 4.89826
41540 4.97957
41550 5.0704
41560 5.1711
41570 5.28208
41580 5.40375
41590 5.53653
41600 5.68087
41610 5.83724
41620 6.00609
41630 6.18794
41640 6.38327
41650 6.59261
41660 6.81648
41670 7.05542
41680 7.30998
41690 7.5807
41700 7.86814
41710 8.17285
41720 8.4954
41730 8.83633
41740 9.1962
41750 9.57554
41760 9.97488
41770 10.3947
41780 10.8356
41790 11.2979
41800 11.7822
41810 12.2889
41820 12.8183
41830 13.3708
41840 13.9468
41850 14.5465
41860 15.1703
41870 15.8182
41880 16.4905
41890 17.1872
41900 17.9085
41910 18.6544
41920 19.4248
41930 20.2197
41940 21.039
41950 21.8823
41960 22.7497
41970 23.6406
41980 24.5549
41990 25.4922
42000 26.452
42010 27.434
42020 28.4375
42030 29.4621
42040 30.5072
42050 31.5722
42060 32.6564
42070 33.7592
42080 34.88
42090 36.0178
42100 37.1722
42110 38.3422
42120 39.527
42130 40.726
42140 41.9383
42150 43.163
42160 44.3994
42170 45.6466
42180 46.9037
42190 48.17
42200 49.4447
42210 50.7267
42220 52.0154
42230 53.31
42240 54.6094
42250 55.9131
42260 57.2201
42270 58.5297
42280 59.841
42290 61.1534
42300 62.4659
42310 63.778
42320 65.0889
42330 66.3978
42340 67.704
42350 69.0069
42360 70.3058
42370 71.6001
42380 72.8891
42390 74.1722
42400 75.4488
42410 76.7183
42420 77.9803
42430 79.234
42440 80.4791
42450 81.715
42460 82.9412
42470 84.1572
42480 85.3626
42490 86.557
42500 87.74
42510 88.911
42520 90.0698
42530 91.216
42540 92.3492
42550 93.469
42560 94.5752
42570 95.6673
42580 96.7452
42590 97.8084
42600 98.8567
42610 99.8897
42620 100.907
42630 101.909
42640 102.895
42650 103.865
42660 104.818
42670 105.754
42680 106.673
42690 107.575
42700 108.459
42710 109.325
42720 110.174
42730 111.003
42740 111.814
42750 112.606
42760 113.379
42770 114.132
42780 114.865
42790 115.577
42800 116.268
42810 116.938
42820 117.587
42830 118.212
42840 118.815
42850 119.395
42860 119.95
42870 120.48
42880 120.984
42890 121.462
42900 121.913
42910 122.335
42920 122.727
42930 123.089
42940 123.419
42950 123.715
42960 123.977
42970 124.203
42980 124.391
42990 124.54
43000 124.648
43010 124.713
43020 124.733
43030 124.706
43040 124.63
43050 124.504
43060 124.324
43070 124.09
43080 123.799
43090 123.45
43100 123.04
43110 122.569
43120 122.034
43130 121.434
43140 120.769
43150 120.038
43160 119.24
43170 118.376
43180 117.446
43190 116.45
43200 115.39
43210 114.267
43220 113.083
43230 111.84
43240 110.54
43250 109.187
43260 107.783
43270 106.332
43280 104.837
43290 103.301
43300 101.729
43310 100.124
43320 98.4902
43330 96.8313
43340 95.1511
43350 93.4533
43360 91.7416
43370 90.0194
43380 88.2903
43390 86.5573
43400 84.8235
43410 83.0919
43420 81.3652
43430 79.6458
43440 77.9362
43450 76.2385
43460 74.5548
43470 72.8867
43480 71.236
43490 69.6042
43500 67.9926
43510 66.4023
43520 64.8345
43530 63.29
43540 61.7696
43550 60.2741
43560 58.8039
43570 57.3596
43580 55.9415
43590 54.55
43600 53.1851
43610 51.8471
43620 50.5361
43630 49.252
43640 47.9949
43650 46.7646
43660 45.561
43670 44.3839
43680 43.2331
43690 42.1084
43700 41.0095
43710 39.9361
43720 38.888
43730 37.8646
43740 36.8658
43750 35.8911
43760 34.9402
43770 34.0126
43780 33.108
43790 32.226
43800 31.3661
43810 30.5279
43820 29.711
43830 28.9151
43840 28.1396
43850 27.3841
43860 26.6483
43870 25.9316
43880 25.2338
43890 24.5544
43900 23.8929
43910 23.249
43920 22.6223
43930 22.0123
43940 21.4187
43950 20.8412
43960 20.2793
43970 19.7326
43980 19.2008
43990 18.6836
44000 18.1805
44010 17.6912
44020 17.2155
44030 16.7529
44040 16.3032
44050 15.866
44060 15.441
44070 15.0279
44080 14.6264
44090 14.2363
44100 13.8571
44110 13.4888
44120 13.1309
44130 12.7833
44140 12.4456
44150 12.1176
44160 11.7992
44170 11.49
44180 11.1898
44190 10.8984
44200 10.6155
44210 10.3411
44220 10.0748
44230 9.81648
44240 9.56594
44250 9.32301
44260 9.0875
44270 8.85924
44280 8.63808
44290 8.42384
44300 8.21638
44310 8.01555
44320 7.82122
44330 7.63326
44340 7.45153
44350 7.27591
44360 7.10631
44370 6.9426
44380 6.78468
44390 6.63247
44400 6.48588
44410 6.34482
44420 6.20922
44430 6.07902
44440 5.95415
44450 5.83457
44460 5.72023
44470 5.61108
44480 5.50711
44490 5.40829
44500 5.3146
44510 5.22603
44520 5.1426
44530 5.06432
44540 4.99119
44550 4.92326
44560 4.86057
44570 4.80316
44580 4.75109
44590 4.70445
44600 4.6633
44610 4.62774
44620 4.59788
44630 4.57385
44640 4.55576
44650 4.54377
44660 4.53803
44670 4.53871
44680 4.54601
44690 4.56013
44700 4.58127
44710 4.60969
44720 4.64562
44730 4.68933
44740 4.7411
44750 4.80125
44760 4.87007
44770 4.94791
44780 5.03512
44790 5.13207
44800 5.23914
44810 5.35675
44820 5.4853
44830 5.62525
44840 5.77704
44850 5.94115
44860 6.11806
44870 6.30826
44880 6.51228
44890 6.73063
44900 6.96385
44910 7.21247
44920 7.47706
44930 7.75815
44940 8.05631
44950 8.3721
44960 8.70606
44970 9.05875
44980 9.43071
44990 9.82247
45000 10.2346
45010 10.6675
45020 11.1217
45030 11.5977
45040 12.0959
45050 12.6167
45060 13.1605
45070 13.7277
45080 14.3184
45090 14.9331
45100 15.5719
45110 16.235
45120 16.9226
45130 17.6347
45140 18.3713
45150 19.1325
45160 19.9182
45170 20.7283
45180 21.5627
45190 22.421
45200 23.3031
45210 24.2087
45220 25.1374
45230 26.0888
45240 27.0625
45250 28.058
45260 29.0747
45270 30.1122
45280 31.1697
45290 32.2468
45300 33.3427
45310 34.4568
45320 35.5883
45330 36.7366
45340 37.9007
45350 39.0801
45360 40.2739
45370 41.4812
45380 42.7014
45390 43.9335
45400 45.1767
45410 46.4302
45420 47.6932
45430 48.9648
45440 50.2441
45450 51.5304
45460 52.8229
45470 54.1206
45480 55.4228
45490 56.7286
45500 58.0373
45510 59.348
45520 60.6601
45530 61.9727
45540 63.285
45550 64.5964
45560 65.9061
45570 67.2135
45580 68.5177
45590 69.8182
45600 71.1143
45610 72.4053
45620 73.6907
45630 74.9698
45640 76.2421
45650 77.5069
45660 78.7638
45670 80.0122
45680 81.2516
45690 82.4815
45700 83.7014
45710 84.9108
45720 86.1094
45730 87.2967
45740 88.4723
45750 89.6358
45760 90.7867
45770 91.9248
45780 93.0497
45790 94.161
45800 95.2585
45810 96.3417
45820 97.4105
45830 98.4644
45840 99.5032
45850 100.527
45860 101.534
45870 102.526
45880 103.502
45890 104.461
45900 105.404
45910 106.329
45920 107.238
45930 108.129
45940 109.002
45950 109.857
45960 110.694
45970 111.512
45980 112.311
45990 113.091
46000 113.851
46010 114.591
46020 115.312
46030 116.011
46040 116.689
46050 117.345
46060 117.98
46070 118.591
46080 119.18
46090 119.744
46100 120.283
46110 120.798
46120 121.286
46130 121.746
46140 122.179
46150 122.583
46160 122.956
46170 123.298
46180 123.608
46190 123.883
46200 124.122
46210 124.325
46220 124.489
46230 124.612
46240 124.693
46250 124.73
46260 124.721
46270 124.664
46280 124.557
46290 124.398
46300 124.184
46310 123.915
46320 123.588
46330 123.201
46340 122.753
46350 122.242
46360 121.667
46370 121.026
46380 120.32
46390 119.547
46400 118.708
46410 117.803
46420 116.832
46430 115.796
46440 114.696
46450 113.535
46460 112.313
46470 111.035
46480 109.701
46490 108.316
46500 106.882
46510 105.403
46520 103.882
46530 102.323
46540 100.73
46550 99.1066
46560 97.4567
46570 95.7841
46580 94.0924
46590 92.3855
46600 90.6669
46610 88.94
46620 87.2081
46630 85.4742
46640 83.7415
46650 82.0126
46660 80.2902
46670 78.5767
46680 76.8743
46690 75.1851
46700 73.5109
46710 71.8535
46720 70.2145
46730 68.5951
46740 66.9967
46750 65.4204
46760 63.867
46770 62.3375
46780 60.8326
46790 59.3528
46800 57.8988
46810 56.4708
46820 55.0692
46830 53.6943
46840 52.3463
46850 51.0251
46860 49.7309
46870 48.4637
46880 47.2233
46890 46.0097
46900 44.8227
46910 43.662
46920 42.5276
46930 41.419
46940 40.3361
46950 39.2785
46960 38.2459
46970 37.2379
46980 36.2542
46990 35.2944
47000 34.3581
47010 33.445
47020 32.5545
47030 31.6863
47040 30.84
47050 30.0152
47060 29.2115
47070 28.4283
47080 27.6654
47090 26.9222
47100 26.1984
47110 25.4936
47120 24.8073
47130 24.1391
47140 23.4887
47150 22.8556
47160 22.2393
47170 21.6397
47180 21.0562
47190 20.4884
47200 19.936
47210 19.3987
47220 18.8761
47230 18.3677
47240 17.8733
47250 17.3925
47260 16.9251
47270 16.4706
47280 16.0287
47290 15.5991
47300 15.1816
47310 14.7758
47320 14.3814
47330 13.9982
47340 13.6258
47350 13.264
47360 12.9126
47370 12.5712
47380 12.2396
47390 11.9176
47400 11.605
47410 11.3014
47420 11.0067
47430 10.7207
47440 10.4431
47450 10.1738
47460 9.91253
47470 9.6591
47480 9.41333
47490 9.17506
47500 8.9441
47510 8.72029
47520 8.50346
47530 8.29348
47540 8.09018
47550 7.89342
47560 7.70308
47570 7.51903
47580 7.34113
47590 7.16928
47600 7.00337
47610 6.84329
47620 6.68895
47630 6.54026
47640 6.39713
47650 6.25949
47660 6.12727
47670 6.00041
47680 5.87885
47690 5.76255
47700 5.65145
47710 5.54554
47720 5.44479
47730 5.34917
47740 5.25868
47750 5.17333
47760 5.09311
47770 5.01804
47780 4.94816
47790 4.88349
47800 4.82409
47810 4.77001
47820 4.72132
47830 4.6781
47840 4.64043
47850 4.60842
47860 4.58219
47870 4.56185
47880 4.54755
47890 4.53944
47900 4.5377
47910 4.54249
47920 4.55402
47930 4.5725
47940 4.59816
47950 4.63124
47960 4.672
47970 4.72071
47980 4.77768
47990 4.8432
48000 4.91762
48010 5.00127
48020 5.09452
48030 5.19774
48040 5.31135
48050 5.43574
48060 5.57136
48070 5.71865
48080 5.87808
48090 6.05013
48100 6.23528
48110 6.43406
48120 6.64696
48130 6.87454
48140 7.11732
48150 7.37585
48160 7.65068
48170 7.94237
48180 8.25147
48190 8.57855
48200 8.92414
48210 9.28881
48220 9.67308
48230 10.0775
48240 10.5025
48250 10.9487
48260 11.4165
48270 11.9063
48280 12.4186
48290 12.9537
48300 13.512
48310 14.0939
48320 14.6996
48330 15.3293
48340 15.9833
48350 16.6617
48360 17.3645
48370 18.092
48380 18.844
48390 19.6205
48400 20.4214
48410 21.2467
48420 22.0961
48430 22.9693
48440 23.8661
48450 24.7862
48460 25.7291
48470 26.6945
48480 27.6818
48490 28.6907
48500 29.7204
48510 30.7705
48520 31.8404
48530 32.9293
48540 34.0366
48550 35.1617
48560 36.3037
48570 37.462
48580 38.6358
48590 39.8243
48600 41.0266
48610 42.242
48620 43.4698
48630 44.7089
48640 45.9587
48650 47.2182
48660 48.4866
48670 49.7632
48680 51.047
48690 52.3372
48700 53.633
48710 54.9336
48720 56.2382
48730 57.5459
48740 58.856
48750 60.1677
48760 61.4801
48770 62.7927
48780 64.1045
48790 65.4149
48800 66.7232
48810 68.0287
48820 69.3307
48830 70.6285
48840 71.9215
48850 73.2091
48860 74.4906
48870 75.7655
48880 77.0332
48890 78.2932
48900 79.5448
48910 80.7876
48920 82.0211
48930 83.2448
48940 84.4583
48950 85.661
48960 86.8526
48970 88.0326
48980 89.2007
48990 90.3564
49000 91.4993
49010 92.6292
49020 93.7457
49030 94.8484
49040 95.937
49050 97.0112
49060 98.0707
49070 99.1152
49080 100.145
49090 101.158
49100 102.156
49110 103.138
49120 104.103
49130 105.052
49140 105.984
49150 106.899
49160 107.797
49170 108.676
49180 109.538
49190 110.382
49200 111.207
49210 112.013
49220 112.8
49230 113.568
49240 114.316
49250 115.044
49260 115.751
49270 116.437
49280 117.102
49290 117.744
49300 118.365
49310 118.962
49320 119.535
49330 120.084
49340 120.608
49350 121.106
49360 121.577
49370 122.02
49380 122.435
49390 122.82
49400 123.174
49410 123.495
49420 123.784
49430 124.037
49440 124.253
49450 124.432
49460 124.571
49470 124.668
49480 124.722
49490 124.73
49500 124.691
49510 124.603
49520 124.464
49530 124.271
49540 124.023
49550 123.718
49560 123.353
49570 122.928
49580 122.441
49590 121.89
49600 121.274
49610 120.593
49620 119.845
49630 119.031
49640 118.151
49650 117.204
49660 116.192
49670 115.116
49680 113.978
49690 112.779
49700 111.521
49710 110.208
49720 108.842
49730 107.426
49740 105.963
49750 104.458
49760 102.913
49770 101.332
49780 99.7195
49790 98.0791
49800 96.4145
49810 94.7296
49820 93.028
49830 91.3133
49840 89.5891
49850 87.8587
49860 86.1252
49870 84.3918
49880 82.6611
49890 80.936
49900 79.2189
49910 77.512
49920 75.8176
49930 74.1376
49940 72.4737
49950 70.8276
49960 69.2007
49970 67.5943
49980 66.0095
49990 64.4474
50000 62.9089
50010 61.3947
50020 59.9054
50030 58.4416
50040 57.0038
50050 55.5923
50060 54.2074
50070 52.8492
50080 51.518
50090 50.2136
50100 48.9363
50110 47.6858
50120 46.4622
50130 45.2652
50140 44.0947
50150 42.9504
50160 41.8322
50170 40.7397
50180 39.6726
50190 38.6307
50200 37.6135
50210 36.6207
50220 35.652
50230 34.7069
50240 33.7851
50250 32.8862
50260 32.0097
50270 31.1552
50280 30.3224
50290 29.5108
50300 28.7199
50310 27.9495
50320 27.1989
50330 26.4679
50340 25.756
50350 25.0628
50360 24.3879
50370 23.7308
50380 23.0912
50390 22.4687
50400 21.8629
50410 21.2734
50420 20.6997
50430 20.1416
50440 19.5987
50450 19.0706
50460 18.5569
50470 18.0573
50480 17.5715
50490 17.099
50500 16.6397
50510 16.1931
50520 15.759
50530 15.337
50540 14.9268
50550 14.5282
50560 14.1408
50570 13.7644
50580 13.3986
50590 13.0433
50600 12.6982
50610 12.363
50620 12.0374
50630 11.7213
50640 11.4143
50650 11.1163
50660 10.8271
50670 10.5464
50680 10.274
50690 10.0097
50700 9.75333
50710 9.50471
50720 9.26365
50730 9.02996
50740 8.80348
50750 8.58406
50760 8.37152
50770 8.16573
50780 7.96653
50790 7.7738
50800 7.5874
50810 7.40721
50820 7.2331
50830 7.06497
50840 6.90271
50850 6.74623
50860 6.59543
50870 6.45022
50880 6.31053
50890 6.17628
50900 6.04741
50910 5.92387
50920 5.8056
50930 5.69255
50940 5.5847
50950 5.48201
50960 5.38447
50970 5.29205
50980 5.20477
50990 5.12262
51000 5.04562
51010 4.97378
51020 4.90716
51030 4.84577
51040 4.78969
51050 4.73897
51060 4.69368
51070 4.65391
51080 4.61977
51090 4.59135
51100 4.56878
51110 4.5522
51120 4.54175
51130 4.5376
51140 4.53991
51150 4.54889
51160 4.56474
51170 4.58767
51180 4.61793
51190 4.65578
51200 4.70147
51210 4.7553
51220 4.81758
51230 4.88862
51240 4.96876
51250 5.05836
51260 5.15779
51270 5.26745
51280 5.38775
51290 5.5191
51300 5.66196
51310 5.81677
51320 5.98403
51330 6.1642
51340 6.3578
51350 6.56534
51360 6.78735
51370 7.02435
51380 7.2769
51390 7.54555
51400 7.83084
51410 8.13334
51420 8.45361
51430 8.79219
51440 9.14963
51450 9.52648
51460 9.92326
51470 10.3405
51480 10.7787
51490 11.2383
51500 11.7198
51510 12.2236
51520 12.7501
51530 13.2997
51540 13.8727
51550 14.4694
51560 15.0901
51570 15.7349
51580 16.4041
51590 17.0978
51600 17.816
51610 18.5587
51620 19.3261
51630 20.1179
51640 20.934
51650 21.7744
51660 22.6387
51670 23.5267
51680 24.438
51690 25.3724
51700 26.3294
51710 27.3086
51720 28.3094
51730 29.3314
51740 30.3739
51750 31.4364
51760 32.5182
51770 33.6188
51780 34.7372
51790 35.873
51800 37.0253
51810 38.1933
51820 39.3764
51830 40.5736
51840 41.7842
51850 43.0074
51860 44.2424
51870 45.4882
51880 46.7442
51890 48.0094
51900 49.283
51910 50.5642
51920 51.8521
51930 53.1459
51940 54.4448
51950 55.748
51960 57.0546
51970 58.3639
51980 59.675
51990 60.9873
52000 62.2999
52010 63.6121
52020 64.9231
52030 66.2323
52040 67.5389
52050 68.8423
52060 70.1417
52070 71.4366
52080 72.7263
52090 74.0102
52100 75.2876
52110 76.5581
52120 77.821
52130 79.0758
52140 80.322
52150 81.5591
52160 82.7865
52170 84.0039
52180 85.2107
52190 86.4065
52200 87.5909
52210 88.7635
52220 89.9239
52230 91.0717
52240 92.2065
52250 93.328
52260 94.4359
52270 95.5299
52280 96.6095
52290 97.6746
52300 98.7248
52310 99.7598
52320 100.779
52330 101.783
52340 102.771
52350 103.743
52360 104.698
52370 105.636
52380 106.558
52390 107.462
52400 108.348
52410 109.217
52420 110.067
52430 110.899
52440 111.713
52450 112.507
52460 113.282
52470 114.038
52480 114.773
52490 115.488
52500 116.182
52510 116.855
52520 117.506
52530 118.134
52540 118.74
52550 119.322
52560 119.881
52570 120.414
52580 120.922
52590 121.403
52600 121.857
52610 122.283
52620 122.679
52630 123.045
52640 123.379
52650 123.679
52660 123.946
52670 124.176
52680 124.37
52690 124.523
52700 124.636
52710 124.707
52720 124.732
52730 124.712
52740 124.642
52750 124.522
52760 124.35
52770 124.123
52780 123.839
52790 123.497
52800 123.095
52810 122.631
52820 122.105
52830 121.513
52840 120.857
52850 120.134
52860 119.345
52870 118.489
52880 117.567
52890 116.58
52900 115.528
52910 114.412
52920 113.236
52930 112
52940 110.707
52950 109.361
52960 107.963
52970 106.518
52980 105.028
52990 103.497
53000 101.929
53010 100.328
53020 98.6979
53030 97.042
53040 95.3642
53050 93.6685
53060 91.9583
53070 90.2373
53080 88.5088
53090 86.7761
53100 85.0423
53110 83.3103
53120 81.5828
53130 79.8624
53140 78.1514
53150 76.4521
53160 74.7665
53170 73.0964
53180 71.4434
53190 69.8091
53200 68.1949
53210 66.6019
53220 65.0311
53230 63.4837
53240 61.9602
53250 60.4615
53260 58.9881
53270 57.5405
53280 56.1191
53290 54.7242
53300 53.3559
53310 52.0146
53320 50.7001
53330 49.4127
53340 48.1521
53350 46.9184
53360 45.7114
53370 44.531
53380 43.3769
53390 42.249
53400 41.1468
53410 40.0703
53420 39.0189
53430 37.9925
53440 36.9906
53450 36.0129
53460 35.059
53470 34.1285
53480 33.221
53490 32.3361
53500 31.4734
53510 30.6325
53520 29.813
53530 29.0144
53540 28.2364
53550 27.4784
53560 26.7401
53570 26.0211
53580 25.3209
53590 24.6391
53600 23.9754
53610 23.3293
53620 22.7005
53630 22.0884
53640 21.4928
53650 20.9132
53660 20.3494
53670 19.8008
53680 19.2671
53690 18.7481
53700 18.2432
53710 17.7523
53720 17.2748
53730 16.8106
53740 16.3593
53750 15.9205
53760 15.494
53770 15.0794
53780 14.6765
53790 14.2849
53800 13.9044
53810 13.5347
53820 13.1755
53830 12.8266
53840 12.4877
53850 12.1585
53860 11.8389
53870 11.5285
53880 11.2272
53890 10.9347
53900 10.6508
53910 10.3753
53920 10.108
53930 9.84866
53940 9.59715
53950 9.35327
53960 9.11683
53970 8.88767
53980 8.66561
53990 8.45051
54000 8.2422
54010 8.04055
54020 7.84541
54030 7.65664
54040 7.47413
54050 7.29775
54060 7.12739
54070 6.96294
54080 6.8043
54090 6.65138
54100 6.50408
54110 6.36233
54120 6.22604
54130 6.09516
54140 5.96963
54150 5.84938
54160 5.73438
54170 5.62458
54180 5.51996
54190 5.42048
54200 5.32614
54210 5.23694
54220 5.15286
54230 5.07392
54240 5.00014
54250 4.93156
54260 4.8682
54270 4.81012
54280 4.75737
54290 4.71004
54300 4.66819
54310 4.63192
54320 4.60134
54330 4.57656
54340 4.55771
54350 4.54494
54360 4.53841
54370 4.53827
54380 4.54472
54390 4.55797
54400 4.57821
54410 4.6057
54420 4.64066
54430 4.68338
54440 4.73412
54450 4.79319
54460 4.8609
54470 4.93758
54480 5.02359
54490 5.11929
54500 5.22506
54510 5.34131
54520 5.46846
54530 5.60695
54540 5.75722
54550 5.91975
54560 6.09501
54570 6.28351
54580 6.48576
54590 6.70227
54600 6.93358
54610 7.18023
54620 7.44277
54630 7.72175
54640 8.01773
54650 8.33126
54660 8.66289
54670 9.01319
54680 9.38269
54690 9.77193
54700 10.1814
54710 10.6117
54720 11.0632
54730 11.5364
54740 12.0318
54750 12.5497
54760 13.0906
54770 13.6548
54780 14.2426
54790 14.8542
54800 15.49
54810 16.15
54820 16.8345
54830 17.5435
54840 18.277
54850 19.0351
54860 19.8178
54870 20.6248
54880 21.4561
54890 22.3114
54900 23.1905
54910 24.0932
54920 25.019
54930 25.9675
54940 26.9384
54950 27.9312
54960 28.9453
54970 29.9801
54980 31.0352
54990 32.1099
55000 33.2035
55010 34.3153
55020 35.4446
55030 36.5908
55040 37.753
55050 38.9305
55060 40.1225
55070 41.3282
55080 42.5468
55090 43.7774
55100 45.0193
55110 46.2716
55120 47.5334
55130 48.8039
55140 50.0824
55150 51.3678
55160 52.6595
55170 53.9566
55180 55.2583
55190 56.5637
55200 57.8721
55210 59.1826
55220 60.4946
55230 61.8071
55240 63.1195
55250 64.4311
55260 65.7411
55270 67.0487
55280 68.3534
55290 69.6544
55300 70.9511
55310 72.2428
55320 73.5289
55330 74.8089
55340 76.082
55350 77.3478
55360 78.6057
55370 79.8552
55380 81.0958
55390 82.3269
55400 83.5481
55410 84.7589
55420 85.9589
55430 87.1476
55440 88.3247
55450 89.4897
55460 90.6423
55470 91.782
55480 92.9086
55490 94.0217
55500 95.1209
55510 96.2059
55520 97.2765
55530 98.3323
55540 99.3731
55550 100.398
55560 101.408
55570 102.402
55580 103.38
55590 104.341
55600 105.286
55610 106.214
55620 107.124
55630 108.017
55640 108.893
55650 109.75
55660 110.589
55670 111.41
55680 112.211
55690 112.994
55700 113.756
55710 114.499
55720 115.222
55730 115.924
55740 116.605
55750 117.264
55760 117.901
55770 118.515
55780 119.107
55790 119.674
55800 120.217
55810 120.734
55820 121.226
55830 121.69
55840 122.126
55850 122.534
55860 122.911
55870 123.257
55880 123.57
55890 123.85
55900 124.094
55910 124.302
55920 124.47
55930 124.599
55940 124.685
55950 124.728
55960 124.725
55970 124.674
55980 124.573
55990 124.421
56000 124.214
56010 123.952
56020 123.633
56030 123.253
56040 122.813
56050 122.31
56060 121.743
56070 121.111
56080 120.413
56090 119.649
56100 118.818
56110 117.921
56120 116.958
56130 115.93
56140 114.838
56150 113.685
56160 112.471
56170 111.199
56180 109.873
56190 108.494
56200 107.066
56210 105.592
56220 104.076
56230 102.522
56240 100.933
56250 99.3132
56260 97.6664
56270 95.9964
56280 94.307
56290 92.6018
56300 90.8845
56310 89.1584
56320 87.4269
56330 85.6932
56340 83.9602
56350 82.2307
56360 80.5073
56370 78.7925
56380 77.0886
56390 75.3976
56400 73.7214
56410 72.0618
56420 70.4204
56430 68.7985
56440 67.1973
56450 65.6182
56460 64.0619
56470 62.5293
56480 61.0212
56490 59.5383
56500 58.0809
56510 56.6497
56520 55.2447
56530 53.8665
56540 52.515
56550 51.1904
56560 49.8929
56570 48.6222
56580 47.3784
56590 46.1614
56600 44.9711
56610 43.8071
56620 42.6694
56630 41.5576
56640 40.4715
56650 39.4107
56660 38.3749
56670 37.3639
56680 36.3771
56690 35.4143
56700 34.4751
56710 33.559
56720 32.6657
56730 31.7947
56740 30.9457
56750 30.1182
56760 29.3118
56770 28.5261
56780 27.7606
56790 27.015
56800 26.2888
56810 25.5816
56820 24.8929
56830 24.2225
56840 23.5698
56850 22.9346
56860 22.3162
56870 21.7145
56880 21.129
56890 20.5592
56900 20.005
56910 19.4657
56920 18.9412
56930 18.4311
56940 17.935
56950 17.4525
56960 16.9834
56970 16.5272
56980 16.0838
56990 15.6527
57000 15.2337
57010 14.8264
57020 14.4306
57030 14.046
57040 13.6723
57050 13.3092
57060 12.9564
57070 12.6138
57080 12.281
57090 11.9578
57100 11.644
57110 11.3393
57120 11.0435
57130 10.7564
57140 10.4777
57150 10.2074
57160 9.94508
57170 9.69067
57180 9.44395
57190 9.20474
57200 8.97286
57210 8.74816
57220 8.53046
57230 8.31962
57240 8.11548
57250 7.91791
57260 7.72677
57270 7.54193
57280 7.36326
57290 7.19065
57300 7.024
57310 6.86319
57320 6.70813
57330 6.55872
57340 6.4149
57350 6.27657
57360 6.14367
57370 6.01614
57380 5.89391
57390 5.77694
57400 5.66519
57410 5.55863
57420 5.45723
57430 5.36096
57440 5.26983
57450 5.18382
57460 5.10295
57470 5.02723
57480 4.95669
57490 4.89137
57500 4.8313
57510 4.77655
57520 4.72717
57530 4.68325
57540 4.64488
57550 4.61215
57560 4.58518
57570 4.56409
57580 4.54902
57590 4.54012
57600 4.53756
57610 4.54152
57620 4.55219
57630 4.56978
57640 4.59452
57650 4.62664
57660 4.66642
57670 4.71411
57680 4.77002
57690 4.83445
57700 4.90772
57710 4.99018
57720 5.0822
57730 5.18414
57740 5.29642
57750 5.41942
57760 5.5536
57770 5.69939
57780 5.85727
57790 6.02769
57800 6.21116
57810 6.40819
57820 6.61928
57830 6.84497
57840 7.0858
57850 7.34231
57860 7.61506
57870 7.90459
57880 8.21146
57890 8.53623
57900 8.87946
57910 9.24169
57920 9.62346
57930 10.0253
57940 10.4477
57950 10.8912
57960 11.3562
57970 11.8432
57980 12.3526
57990 12.8848
58000 13.4402
58010 14.0191
58020 14.6218
58030 15.2485
58040 15.8994
58050 16.5746
58060 17.2744
58070 17.9987
58080 18.7476
58090 19.5211
58100 20.319
58110 21.1412
58120 21.9875
58130 22.8577
58140 23.7516
58150 24.6687
58160 25.6088
58170 26.5713
58180 27.5559
58190 28.5621
58200 29.5892
58210 30.6368
58220 31.7042
58230 32.7907
58240 33.8958
58250 35.0187
58260 36.1586
58270 37.3149
58280 38.4867
58290 39.6734
58300 40.874
58310 42.0879
58320 43.3141
58330 44.5518
58340 45.8003
58350 47.0586
58360 48.326
58370 49.6015
58380 50.8845
58390 52.1739
58400 53.4691
58410 54.7691
58420 56.0732
58430 57.3806
58440 58.6904
58450 60.0019
58460 61.3143
58470 62.6269
58480 63.9389
58490 65.2495
58500 66.5581
58510 67.864
58520 69.1664
58530 70.4648
58540 71.7585
58550 73.0468
58560 74.3291
58570 75.6049
58580 76.8735
58590 78.1345
58600 79.3872
58610 80.6311
58620 81.8659
58630 83.0908
58640 84.3056
58650 85.5097
58660 86.7027
58670 87.8842
58680 89.0538
58690 90.2111
58700 91.3557
58710 92.4872
58720 93.6054
58730 94.7098
58740 95.8002
58750 96.8763
58760 97.9377
58770 98.9841
58780 100.015
58790 101.031
58800 102.031
58810 103.015
58820 103.982
58830 104.933
58840 105.867
58850 106.784
58860 107.684
58870 108.566
58880 109.43
58890 110.276
58900 111.104
58910 111.912
58920 112.702
58930 113.472
58940 114.223
58950 114.953
58960 115.663
58970 116.352
58980 117.019
58990 117.664
59000 118.287
59010 118.887
59020 119.464
59030 120.016
59040 120.543
59050 121.044
59060 121.519
59070 121.966
59080 122.384
59090 122.773
59100 123.131
59110 123.457
59120 123.749
59130 124.007
59140 124.228
59150 124.412
59160 124.556
59170 124.658
59180 124.717
59190 124.732
59200 124.699
59210 124.617
59220 124.484
59230 124.298
59240 124.057
59250 123.759
59260 123.403
59270 122.985
59280 122.506
59290 121.963
59300 121.356
59310 120.683
59320 119.943
59330 119.138
59340 118.265
59350 117.327
59360 116.323
59370 115.256
59380 114.125
59390 112.933
59400 111.683
59410 110.377
59420 109.017
59430 107.607
59440 106.15
59450 104.65
59460 103.11
59470 101.533
59480 99.9247
59490 98.2876
59500 96.6258
59510 94.9433
59520 93.2436
59530 91.5304
59540 89.8072
59550 88.0774
59560 86.3441
59570 84.6105
59580 82.8794
59590 81.1534
59600 79.4351
59610 77.7269
59620 76.0308
59630 74.3489
59640 72.6828
59650 71.0344
59660 69.405
59670 67.7959
59680 66.2084
59690 64.6434
59700 63.1018
59710 61.5845
59720 60.092
59730 58.625
59740 57.1839
59750 55.7691
59760 54.3808
59770 53.0192
59780 51.6845
59790 50.3768
59800 49.0961
59810 47.8422
59820 46.6152
59830 45.4149
59840 44.241
59850 43.0935
59860 41.972
59870 40.8762
59880 39.806
59890 38.7609
59900 37.7406
59910 36.7447
59920 35.773
59930 34.825
59940 33.9002
59950 32.9984
59960 32.1191
59970 31.2619
59980 30.4264
59990 29.6121
