0 0
10 4.79647
20 9.44724
30 13.9567
40 18.3292
50 22.5689
60 26.6798
70 30.6658
80 34.5307
90 38.2782
100 41.9119
110 45.4352
120 48.8515
130 52.164
140 55.3758
150 58.4901
160 61.5098
170 64.4378
180 67.2768
190 70.0296
200 72.6987
210 75.2868
220 77.7962
230 80.2295
240 82.5888
250 84.8764
260 87.0945
270 89.2453
280 91.3307
290 93.3528
300 95.3135
310 97.2145
320 99.0579
330 100.845
340 102.578
350 104.259
360 105.888
370 107.468
380 109
390 110.485
400 111.925
410 113.322
420 114.676
430 115.989
440 117.262
450 118.496
460 119.693
470 120.853
480 121.979
490 123.07
500 124.128
510 125.154
520 126.148
530 127.113
540 128.048
550 128.954
560 129.834
570 130.686
580 131.513
590 132.314
600 133.091
610 133.845
620 134.575
630 135.284
640 135.971
650 136.637
660 137.282
670 137.909
680 138.516
690 139.104
700 139.675
710 140.229
720 140.765
730 141.286
740 141.79
750 142.28
760 142.754
770 143.214
780 143.66
790 144.092
800 144.512
810 144.918
820 145.313
830 145.695
840 146.065
850 146.425
860 146.773
870 147.111
880 147.439
890 147.756
900 148.064
910 148.363
920 148.653
930 148.933
940 149.206
950 149.47
960 149.726
970 149.974
980 150.214
990 150.448
1000 150.674
1010 150.893
1020 151.106
1030 151.312
1040 151.512
1050 151.706
1060 151.894
1070 152.076
1080 152.25
1090 152.389
1100 152.401
1110 152.108
1120 151.309
1130 149.884
1140 147.848
1150 145.308
1160 142.398
1170 139.237
1180 135.918
1190 132.511
1200 129.064
1210 125.612
1220 122.182
1230 118.79
1240 115.45
1250 112.171
1260 108.958
1270 105.816
1280 102.747
1290 99.7535
1300 96.8357
1310 93.9938
1320 91.2274
1330 88.5359
1340 85.9183
1350 83.3734
1360 80.8998
1370 78.4963
1380 76.1613
1390 73.8932
1400 71.6906
1410 69.5517
1420 67.475
1430 65.459
1440 63.5019
1450 61.6024
1460 59.7587
1470 57.9694
1480 56.2329
1490 54.5479
1500 52.9128
1510 51.3263
1520 49.7869
1530 48.2934
1540 46.8443
1550 45.4385
1560 44.0746
1570 42.7514
1580 41.4678
1590 40.2226
1600 39.0147
1610 37.843
1620 36.7064
1630 35.6038
1640 34.5343
1650 33.4969
1660 32.4907
1670 31.5147
1680 30.568
1690 29.6497
1700 28.7591
1710 27.8952
1720 27.0574
1730 26.2447
1740 25.4565
1750 24.692
1760 23.9505
1770 23.2314
1780 22.5339
1790 21.8574
1800 21.2013
1810 20.565
1820 19.9478
1830 19.3493
1840 18.7688
1850 18.2058
1860 17.6597
1870 17.1302
1880 16.6166
1890 16.1185
1900 15.6354
1910 15.1669
1920 14.7125
1930 14.2719
1940 13.8445
1950 13.43
1960 13.0281
1970 12.6383
1980 12.2602
1990 11.8935
2000 11.538
2010 11.1931
2020 10.8587
2030 10.5343
2040 10.2198
2050 9.91473
2060 9.61889
2070 9.33198
2080 9.05374
2090 8.78389
2100 8.5222
2110 8.26841
2120 8.02228
2130 7.78366
2140 7.55251
2150 7.32882
2160 7.11256
2170 6.90368
2180 6.70214
2190 6.50786
2200 6.32079
2210 6.14085
2220 5.96798
2230 5.8021
2240 5.64314
2250 5.49103
2260 5.34572
2270 5.20713
2280 5.07521
2290 4.94991
2300 4.83119
2310 4.71902
2320 4.61335
2330 4.51418
2340 4.42148
2350 4.33526
2360 4.25551
2370 4.18225
2380 4.11549
2390 4.05528
2400 4.00165
2410 3.95466
2420 3.91436
2430 3.88084
2440 3.85417
2450 3.83445
2460 3.82179
2470 3.81631
2480 3.81815
2490 3.82745
2500 3.84436
2510 3.86907
2520 3.90175
2530 3.94262
2540 3.99187
2550 4.04976
2560 4.11651
2570 4.1924
2580 4.2777
2590 4.3727
2600 4.47772
2610 4.59308
2620 4.71912
2630 4.85621
2640 5.00473
2650 5.16506
2660 5.33764
2670 5.52288
2680 5.72124
2690 5.93318
2700 6.15919
2710 6.39977
2720 6.65543
2730 6.92671
2740 7.21417
2750 7.51836
2760 7.83986
2770 8.17926
2780 8.53718
2790 8.91421
2800 9.31099
2810 9.72815
2820 10.1663
2830 10.6261
2840 11.1083
2850 11.6133
2860 12.1419
2870 12.6948
2880 13.2724
2890 13.8755
2900 14.5046
2910 15.1603
2920 15.8432
2930 16.5537
2940 17.2925
2950 18.0598
2960 18.8562
2970 19.6821
2980 20.5377
2990 21.4234
3000 22.3393
3010 23.2857
3020 24.2627
3030 25.2702
3040 26.3084
3050 27.377
3060 28.4759
3070 29.6049
3080 30.7637
3090 31.9518
3100 33.1688
3110 34.4141
3120 35.6871
3130 36.9871
3140 38.3133
3150 39.6648
3160 41.0405
3170 42.4392
3180 43.8596
3190 45.3
3200 46.7589
3210 48.2345
3220 49.7251
3230 51.2288
3240 52.744
3250 54.2688
3260 55.8016
3270 57.3407
3280 58.8845
3290 60.4315
3300 61.98
3310 63.5287
3320 65.0761
3330 66.6208
3340 68.1617
3350 69.6973
3360 71.2265
3370 72.7483
3380 74.2614
3390 75.7649
3400 77.2577
3410 78.739
3420 80.2078
3430 81.6634
3440 83.1048
3450 84.5314
3460 85.9424
3470 87.3372
3480 88.7152
3490 90.0757
3500 91.4182
3510 92.7422
3520 94.0472
3530 95.3328
3540 96.5985
3550 97.8438
3560 99.0686
3570 100.272
3580 101.455
3590 102.615
3600 103.754
3610 104.871
3620 105.965
3630 107.036
3640 108.084
3650 109.109
3660 110.111
3670 111.089
3680 112.043
3690 112.972
3700 113.877
3710 114.758
3720 115.613
3730 116.443
3740 117.248
3750 118.026
3760 118.777
3770 119.502
3780 120.2
3790 120.869
3800 121.51
3810 122.121
3820 122.703
3830 123.254
3840 123.773
3850 124.259
3860 124.712
3870 125.13
3880 125.512
3890 125.856
3900 126.161
3910 126.425
3920 126.647
3930 126.824
3940 126.956
3950 127.039
3960 127.072
3970 127.052
3980 126.977
3990 126.845
4000 126.653
4010 126.399
4020 126.082
4030 125.698
4040 125.246
4050 124.724
4060 124.13
4070 123.464
4080 122.723
4090 121.908
4100 121.018
4110 120.053
4120 119.015
4130 117.903
4140 116.72
4150 115.468
4160 114.15
4170 112.767
4180 111.324
4190 109.823
4200 108.27
4210 106.667
4220 105.021
4230 103.333
4240 101.611
4250 99.8573
4260 98.0774
4270 96.2756
4280 94.4564
4290 92.624
4300 90.7825
4310 88.9359
4320 87.0879
4330 85.242
4340 83.4013
4350 81.5691
4360 79.7479
4370 77.9405
4380 76.1491
4390 74.3758
4400 72.6226
4410 70.891
4420 69.1827
4430 67.4988
4440 65.8406
4450 64.209
4460 62.6048
4470 61.0287
4480 59.4813
4490 57.963
4500 56.4742
4510 55.015
4520 53.5857
4530 52.1863
4540 50.8167
4550 49.477
4560 48.167
4570 46.8865
4580 45.6353
4590 44.4131
4600 43.2196
4610 42.0545
4620 40.9174
4630 39.808
4640 38.7257
4650 37.6702
4660 36.641
4670 35.6378
4680 34.6599
4690 33.707
4700 32.7786
4710 31.8741
4720 30.9932
4730 30.1352
4740 29.2998
4750 28.4864
4760 27.6946
4770 26.9238
4780 26.1736
4790 25.4436
4800 24.7332
4810 24.042
4820 23.3695
4830 22.7154
4840 22.079
4850 21.4601
4860 20.8581
4870 20.2726
4880 19.7033
4890 19.1498
4900 18.6115
4910 18.0882
4920 17.5794
4930 17.0848
4940 16.6041
4950 16.1367
4960 15.6825
4970 15.241
4980 14.8119
4990 14.3949
5000 13.9896
5010 13.5959
5020 13.2132
5030 12.8414
5040 12.4802
5050 12.1292
5060 11.7883
5070 11.457
5080 11.1353
5090 10.8227
5100 10.5191
5110 10.2243
5120 9.93788
5130 9.65975
5140 9.38966
5150 9.12738
5160 8.87271
5170 8.62544
5180 8.38537
5190 8.15231
5200 7.92607
5210 7.70647
5220 7.49333
5230 7.28647
5240 7.08574
5250 6.89096
5260 6.70198
5270 6.51866
5280 6.34083
5290 6.16836
5300 6.00111
5310 5.83894
5320 5.68172
5330 5.52934
5340 5.38166
5350 5.23858
5360 5.09997
5370 4.96573
5380 4.83575
5390 4.70994
5400 4.5882
5410 4.47044
5420 4.35656
5430 4.2465
5440 4.14015
5450 4.03746
5460 3.93834
5470 3.84274
5480 3.75059
5490 3.66184
5500 3.57642
5510 3.4943
5520 3.41542
5530 3.33975
5540 3.26726
5550 3.19791
5560 3.13169
5570 3.06857
5580 3.00855
5590 2.95161
5600 2.89777
5610 2.84702
5620 2.79938
5630 2.75487
5640 2.71351
5650 2.67535
5660 2.64043
5670 2.6088
5680 2.58051
5690 2.55564
5700 2.53426
5710 2.51646
5720 2.50234
5730 2.492
5740 2.48557
5750 2.48316
5760 2.48492
5770 2.491
5780 2.50155
5790 2.51675
5800 2.53678
5810 2.56184
5820 2.59213
5830 2.62787
5840 2.6693
5850 2.71664
5860 2.77016
5870 2.83012
5880 2.89678
5890 2.97045
5900 3.0514
5910 3.13994
5920 3.23639
5930 3.34106
5940 3.4543
5950 3.57642
5960 3.70777
5970 3.84871
5980 3.99959
5990 4.16076
6000 4.33258
6010 4.51543
6020 4.70966
6030 4.91565
6040 5.13376
6050 5.36437
6060 5.60784
6070 5.86454
6080 6.13483
6090 6.41908
6100 6.71764
6110 7.03087
6120 7.35912
6130 7.70273
6140 8.06205
6150 8.43739
6160 8.82909
6170 9.23746
6180 9.66281
6190 10.1054
6200 10.5656
6210 11.0436
6220 11.5398
6230 12.0542
6240 12.5873
6250 13.1391
6260 13.71
6270 14.3001
6280 14.9096
6290 15.5386
6300 16.1872
6310 16.8557
6320 17.544
6330 18.2523
6340 18.9806
6350 19.729
6360 20.4974
6370 21.2858
6380 22.0942
6390 22.9225
6400 23.7706
6410 24.6383
6420 25.5256
6430 26.4322
6440 27.358
6450 28.3026
6460 29.2658
6470 30.2473
6480 31.2468
6490 32.2638
6500 33.2981
6510 34.3491
6520 35.4165
6530 36.4997
6540 37.5983
6550 38.7116
6560 39.8391
6570 40.9803
6580 42.1344
6590 43.301
6600 44.4791
6610 45.6683
6620 46.8677
6630 48.0767
6640 49.2943
6650 50.52
6660 51.7528
6670 52.992
6680 54.2366
6690 55.486
6700 56.7391
6710 57.9951
6720 59.2531
6730 60.5122
6740 61.7715
6750 63.0301
6760 64.287
6770 65.5412
6780 66.7919
6790 68.038
6800 69.2785
6810 70.5126
6820 71.7391
6830 72.9571
6840 74.1656
6850 75.3636
6860 76.5499
6870 77.7237
6880 78.8837
6890 80.029
6900 81.1585
6910 82.271
6920 83.3654
6930 84.4405
6940 85.4953
6950 86.5284
6960 87.5387
6970 88.5249
6980 89.4856
6990 90.4195
7000 91.3253
7010 92.2014
7020 93.0463
7030 93.8586
7040 94.6366
7050 95.3786
7060 96.0828
7070 96.7474
7080 97.3706
7090 97.9504
7100 98.4847
7110 98.9716
7120 99.4087
7130 99.794
7140 100.125
7150 100.4
7160 100.616
7170 100.772
7180 100.864
7190 100.892
7200 100.852
7210 100.744
7220 100.565
7230 100.314
7240 99.99
7250 99.5921
7260 99.1198
7270 98.5728
7280 97.9516
7290 97.2567
7300 96.4894
7310 95.651
7320 94.7436
7330 93.7696
7340 92.7317
7350 91.633
7360 90.477
7370 89.2674
7380 88.0082
7390 86.7034
7400 85.3573
7410 83.9742
7420 82.5584
7430 81.1144
7440 79.6463
7450 78.1583
7460 76.6545
7470 75.1388
7480 73.6147
7490 72.086
7500 70.5558
7510 69.0272
7520 67.5032
7530 65.9864
7540 64.4791
7550 62.9836
7560 61.502
7570 60.036
7580 58.5872
7590 57.1571
7600 55.7469
7610 54.3577
7620 52.9905
7630 51.6461
7640 50.3251
7650 49.0281
7660 47.7556
7670 46.5079
7680 45.2853
7690 44.0879
7700 42.9158
7710 41.7691
7720 40.6477
7730 39.5516
7740 38.4805
7750 37.4344
7760 36.4129
7770 35.416
7780 34.4431
7790 33.4942
7800 32.5687
7810 31.6665
7820 30.787
7830 29.9299
7840 29.0949
7850 28.2815
7860 27.4893
7870 26.7179
7880 25.9668
7890 25.2358
7900 24.5242
7910 23.8318
7920 23.158
7930 22.5026
7940 21.8649
7950 21.2447
7960 20.6416
7970 20.055
7980 19.4847
7990 18.9301
8000 18.3911
8010 17.867
8020 17.3576
8030 16.8625
8040 16.3814
8050 15.9138
8060 15.4594
8070 15.018
8080 14.589
8090 14.1723
8100 13.7675
8110 13.3742
8120 12.9922
8130 12.6212
8140 12.2608
8150 11.9108
8160 11.5709
8170 11.2409
8180 10.9204
8190 10.6092
8200 10.3071
8210 10.0138
8220 9.72907
8230 9.45265
8240 9.18434
8250 8.92392
8260 8.67117
8270 8.42588
8280 8.18785
8290 7.95689
8300 7.73279
8310 7.51539
8320 7.30449
8330 7.09992
8340 6.90151
8350 6.70911
8360 6.52254
8370 6.34167
8380 6.16633
8390 5.99639
8400 5.83171
8410 5.67215
8420 5.51759
8430 5.3679
8440 5.22296
8450 5.08266
8460 4.94689
8470 4.81554
8480 4.68852
8490 4.56572
8500 4.44705
8510 4.33244
8520 4.22179
8530 4.11504
8540 4.0121
8550 3.91292
8560 3.81742
8570 3.72556
8580 3.63728
8590 3.55253
8600 3.47128
8610 3.39348
8620 3.31911
8630 3.24815
8640 3.18057
8650 3.11638
8660 3.05555
8670 2.99811
8680 2.94405
8690 2.8934
8700 2.84619
8710 2.80244
8720 2.76221
8730 2.72555
8740 2.69253
8750 2.66321
8760 2.63769
8770 2.61605
8780 2.59842
8790 2.58492
8800 2.57568
8810 2.57086
8820 2.57062
8830 2.57514
8840 2.58463
8850 2.5993
8860 2.61939
8870 2.64516
8880 2.67689
8890 2.71486
8900 2.75941
8910 2.81087
8920 2.86961
8930 2.93603
8940 3.01054
8950 3.09359
8960 3.18564
8970 3.2872
8980 3.39879
8990 3.52097
9000 3.65431
9010 3.79943
9020 3.95696
9030 4.12757
9040 4.31195
9050 4.51082
9060 4.72491
9070 4.955
9080 5.20187
9090 5.46631
9100 5.74915
9110 6.05122
9120 6.37336
9130 6.71641
9140 7.08123
9150 7.46866
9160 7.87954
9170 8.3147
9180 8.77493
9190 9.26104
9200 9.77376
9210 10.3138
9220 10.8819
9230 11.4787
9240 12.1047
9250 12.7605
9260 13.4465
9270 14.1632
9280 14.9109
9290 15.6898
9300 16.5001
9310 17.3419
9320 18.2153
9330 19.1202
9340 20.0563
9350 21.0236
9360 22.0216
9370 23.0501
9380 24.1084
9390 25.1961
9400 26.3125
9410 27.4569
9420 28.6286
9430 29.8266
9440 31.0502
9450 32.2982
9460 33.5699
9470 34.864
9480 36.1794
9490 37.5152
9500 38.87
9510 40.2427
9520 41.632
9530 43.0368
9540 44.4558
9550 45.8876
9560 47.3312
9570 48.7851
9580 50.2481
9590 51.719
9600 53.1965
9610 54.6794
9620 56.1665
9630 57.6564
9640 59.1482
9650 60.6406
9660 62.1324
9670 63.6226
9680 65.1101
9690 66.5938
9700 68.0727
9710 69.5458
9720 71.0121
9730 72.4708
9740 73.9208
9750 75.3615
9760 76.7918
9770 78.211
9780 79.6184
9790 81.0131
9800 82.3945
9810 83.7619
9820 85.1147
9830 86.4521
9840 87.7737
9850 89.0788
9860 90.3668
9870 91.6373
9880 92.8897
9890 94.1236
9900 95.3383
9910 96.5336
9920 97.7088
9930 98.8636
9940 99.9976
9950 101.11
9960 102.201
9970 103.27
9980 104.316
9990 105.339
10000 106.338
10010 107.313
10020 108.264
10030 109.189
10040 110.089
10050 110.962
10060 111.808
10070 112.627
10080 113.417
10090 114.177
10100 114.907
10110 115.606
10120 116.272
10130 116.904
10140 117.501
10150 118.062
10160 118.584
10170 119.066
10180 119.506
10190 119.901
10200 120.251
10210 120.551
10220 120.799
10230 120.994
10240 121.13
10250 121.207
10260 121.22
10270 121.165
10280 121.041
10290 120.843
10300 120.568
10310 120.214
10320 119.777
10330 119.256
10340 118.647
10350 117.95
10360 117.164
10370 116.288
10380 115.322
10390 114.268
10400 113.126
10410 111.901
10420 110.594
10430 109.21
10440 107.753
10450 106.228
10460 104.641
10470 102.996
10480 101.3
10490 99.5583
10500 97.778
10510 95.9645
10520 94.1238
10530 92.2617
10540 90.3836
10550 88.4948
10560 86.6003
10570 84.7045
10580 82.8117
10590 80.926
10600 79.0508
10610 77.1895
10620 75.3448
10630 73.5195
10640 71.7157
10650 69.9356
10660 68.1809
10670 66.4531
10680 64.7534
10690 63.0831
10700 61.4429
10710 59.8336
10720 58.2557
10730 56.7097
10740 55.1959
10750 53.7144
10760 52.2653
10770 50.8486
10780 49.4643
10790 48.112
10800 46.7917
10810 45.503
10820 44.2456
10830 43.0192
10840 41.8232
10850 40.6573
10860 39.521
10870 38.4139
10880 37.3353
10890 36.2848
10900 35.2619
10910 34.266
10920 33.2966
10930 32.3531
10940 31.4349
10950 30.5416
10960 29.6725
10970 28.827
10980 28.0048
10990 27.2051
11000 26.4275
11010 25.6715
11020 24.9364
11030 24.2218
11040 23.5272
11050 22.8521
11060 22.1959
11070 21.5582
11080 20.9386
11090 20.3364
11100 19.7514
11110 19.1829
11120 18.6307
11130 18.0942
11140 17.573
11150 17.0668
11160 16.5751
11170 16.0975
11180 15.6336
11190 15.1831
11200 14.7456
11210 14.3208
11220 13.9082
11230 13.5076
11240 13.1186
11250 12.741
11260 12.3743
11270 12.0182
11280 11.6726
11290 11.3371
11300 11.0114
11310 10.6952
11320 10.3883
11330 10.0904
11340 9.8013
11350 9.52071
11360 9.2484
11370 8.98414
11380 8.72771
11390 8.47889
11400 8.23748
11410 8.00326
11420 7.77604
11430 7.55563
11440 7.34184
11450 7.1345
11460 6.93342
11470 6.73844
11480 6.54939
11490 6.36612
11500 6.18848
11510 6.01631
11520 5.84947
11530 5.68783
11540 5.53126
11550 5.37962
11560 5.2328
11570 5.09067
11580 4.95313
11590 4.82006
11600 4.69137
11610 4.56695
11620 4.44671
11630 4.33056
11640 4.21841
11650 4.1102
11660 4.00583
11670 3.90525
11680 3.80839
11690 3.71519
11700 3.6256
11710 3.53956
11720 3.45704
11730 3.378
11740 3.3024
11750 3.23023
11760 3.16146
11770 3.09608
11780 3.03409
11790 2.97548
11800 2.92028
11810 2.86849
11820 2.82014
11830 2.77527
11840 2.73391
11850 2.69613
11860 2.66198
11870 2.63154
11880 2.6049
11890 2.58214
11900 2.56337
11910 2.54873
11920 2.53833
11930 2.53234
11940 2.53091
11950 2.53422
11960 2.54247
11970 2.55587
11980 2.57465
11990 2.59905
12000 2.62935
12010 2.66583
12020 2.70879
12030 2.75858
12040 2.81553
12050 2.88001
12060 2.95244
12070 3.03321
12080 3.12277
12090 3.22159
12100 3.33016
12110 3.44897
12120 3.57858
12130 3.71952
12140 3.87239
12150 4.03777
12160 4.21629
12170 4.40857
12180 4.61528
12190 4.83706
12200 5.07461
12210 5.3286
12220 5.59972
12230 5.88868
12240 6.19617
12250 6.52288
12260 6.8695
12270 7.2367
12280 7.62515
12290 8.03548
12300 8.46832
12310 8.92427
12320 9.40388
12330 9.90769
12340 10.4362
12350 10.9899
12360 11.5691
12370 12.1742
12380 12.8056
12390 13.4636
12400 14.1482
12410 14.8598
12420 15.5984
12430 16.3642
12440 17.157
12450 17.9768
12460 18.8236
12470 19.6972
12480 20.5974
12490 21.5239
12500 22.4764
12510 23.4545
12520 24.4579
12530 25.486
12540 26.5385
12550 27.6146
12560 28.7139
12570 29.8356
12580 30.9792
12590 32.1439
12600 33.329
12610 34.5337
12620 35.7571
12630 36.9985
12640 38.2571
12650 39.5318
12660 40.8219
12670 42.1263
12680 43.4442
12690 44.7746
12700 46.1166
12710 47.4691
12720 48.8312
12730 50.2019
12740 51.5802
12750 52.9652
12760 54.3557
12770 55.7509
12780 57.1498
12790 58.5514
12800 59.9546
12810 61.3587
12820 62.7625
12830 64.1652
12840 65.5658
12850 66.9635
12860 68.3573
12870 69.7464
12880 71.1298
12890 72.5068
12900 73.8765
12910 75.2381
12920 76.5908
12930 77.9339
12940 79.2664
12950 80.5878
12960 81.8973
12970 83.1941
12980 84.4775
12990 85.747
13000 87.0017
13010 88.241
13020 89.4643
13030 90.6709
13040 91.8602
13050 93.0316
13060 94.1843
13070 95.3178
13080 96.4314
13090 97.5244
13100 98.5963
13110 99.6462
13120 100.674
13130 101.678
13140 102.658
13150 103.613
13160 104.543
13170 105.446
13180 106.322
13190 107.169
13200 107.987
13210 108.775
13220 109.531
13230 110.253
13240 110.942
13250 111.594
13260 112.21
13270 112.786
13280 113.32
13290 113.812
13300 114.259
13310 114.658
13320 115.007
13330 115.303
13340 115.544
13350 115.727
13360 115.849
13370 115.907
13380 115.897
13390 115.817
13400 115.665
13410 115.436
13420 115.128
13430 114.74
13440 114.268
13450 113.712
13460 113.069
13470 112.34
13480 111.523
13490 110.62
13500 109.633
13510 108.561
13520 107.409
13530 106.178
13540 104.874
13550 103.499
13560 102.059
13570 100.559
13580 99.0033
13590 97.3982
13600 95.7491
13610 94.0617
13620 92.3418
13630 90.5947
13640 88.826
13650 87.0408
13660 85.2441
13670 83.4405
13680 81.6345
13690 79.83
13700 78.0309
13710 76.2406
13720 74.4622
13730 72.6986
13740 70.9523
13750 69.2256
13760 67.5204
13770 65.8386
13780 64.1816
13790 62.5507
13800 60.9471
13810 59.3716
13820 57.8251
13830 56.3081
13840 54.821
13850 53.3643
13860 51.9382
13870 50.5427
13880 49.178
13890 47.8439
13900 46.5404
13910 45.2672
13920 44.0242
13930 42.811
13940 41.6274
13950 40.473
13960 39.3473
13970 38.2499
13980 37.1805
13990 36.1384
14000 35.1234
14010 34.1348
14020 33.1721
14030 32.2349
14040 31.3226
14050 30.4347
14060 29.5707
14070 28.73
14080 27.9122
14090 27.1166
14100 26.3429
14110 25.5904
14120 24.8587
14130 24.1473
14140 23.4556
14150 22.7833
14160 22.1297
14170 21.4944
14180 20.8771
14190 20.2771
14200 19.694
14210 19.1275
14220 18.5771
14230 18.0423
14240 17.5227
14250 17.018
14260 16.5277
14270 16.0514
14280 15.5888
14290 15.1396
14300 14.7032
14310 14.2795
14320 13.8679
14330 13.4683
14340 13.0803
14350 12.7035
14360 12.3376
14370 11.9824
14380 11.6375
14390 11.3027
14400 10.9777
14410 10.6622
14420 10.3559
14430 10.0586
14440 9.7701
14450 9.49004
14460 9.21825
14470 8.95447
14480 8.6985
14490 8.45012
14500 8.20912
14510 7.97529
14520 7.74843
14530 7.52836
14540 7.31489
14550 7.10783
14560 6.90702
14570 6.71228
14580 6.52345
14590 6.34037
14600 6.16289
14610 5.99086
14620 5.82414
14630 5.66259
14640 5.50607
14650 5.35446
14660 5.20764
14670 5.06548
14680 4.92788
14690 4.79471
14700 4.66588
14710 4.54129
14720 4.42085
14730 4.30445
14740 4.19201
14750 4.08346
14760 3.97872
14770 3.87771
14780 3.78037
14790 3.68663
14800 3.59644
14810 3.50975
14820 3.4265
14830 3.34667
14840 3.27021
14850 3.19709
14860 3.12729
14870 3.0608
14880 2.9976
14890 2.93768
14900 2.88106
14910 2.82775
14920 2.77775
14930 2.7311
14940 2.68784
14950 2.64801
14960 2.61165
14970 2.57885
14980 2.54967
14990 2.52419
15000 2.50252
15010 2.48476
15020 2.47105
15030 2.4615
15040 2.45629
15050 2.45557
15060 2.45952
15070 2.46836
15080 2.48228
15090 2.50154
15100 2.52637
15110 2.55707
15120 2.59392
15130 2.63724
15140 2.68737
15150 2.74467
15160 2.80954
15170 2.88237
15180 2.9636
15190 3.05371
15200 3.15316
15210 3.26247
15220 3.38218
15230 3.51284
15240 3.65505
15250 3.80941
15260 3.97656
15270 4.15714
15280 4.35184
15290 4.56134
15300 4.78636
15310 5.02763
15320 5.28587
15330 5.56183
15340 5.85627
15350 6.16993
15360 6.50356
15370 6.85791
15380 7.23372
15390 7.6317
15400 8.05255
15410 8.49696
15420 8.96557
15430 9.45901
15440 9.97786
15450 10.5227
15460 11.0939
15470 11.692
15480 12.3175
15490 12.9706
15500 13.6516
15510 14.3608
15520 15.0984
15530 15.8644
15540 16.6589
15550 17.482
15560 18.3334
15570 19.2132
15580 20.121
15590 21.0567
15600 22.0198
15610 23.0101
15620 24.0271
15630 25.0703
15640 26.1392
15650 27.2331
15660 28.3514
15670 29.4935
15680 30.6586
15690 31.8459
15700 33.0546
15710 34.2839
15720 35.5329
15730 36.8006
15740 38.0862
15750 39.3886
15760 40.707
15770 42.0402
15780 43.3872
15790 44.7471
15800 46.1188
15810 47.5012
15820 48.8933
15830 50.2941
15840 51.7024
15850 53.1172
15860 54.5374
15870 55.9621
15880 57.3901
15890 58.8205
15900 60.2522
15910 61.6842
15920 63.1156
15930 64.5453
15940 65.9724
15950 67.396
15960 68.8152
15970 70.229
15980 71.6366
15990 73.0371
16000 74.4297
16010 75.8135
16020 77.1878
16030 78.5518
16040 79.9048
16050 81.246
16060 82.5746
16070 83.8901
16080 85.1917
16090 86.4788
16100 87.7507
16110 89.0067
16120 90.2464
16130 91.469
16140 92.674
16150 93.8608
16160 95.0288
16170 96.1774
16180 97.306
16190 98.4141
16200 99.5011
16210 100.566
16220 101.609
16230 102.629
16240 103.625
16250 104.597
16260 105.544
16270 106.465
16280 107.359
16290 108.226
16300 109.065
16310 109.874
16320 110.652
16330 111.399
16340 112.114
16350 112.794
16360 113.438
16370 114.046
16380 114.614
16390 115.141
16400 115.626
16410 116.065
16420 116.458
16430 116.8
16440 117.09
16450 117.324
16460 117.5
16470 117.615
16480 117.666
16490 117.649
16500 117.561
16510 117.399
16520 117.16
16530 116.841
16540 116.439
16550 115.953
16560 115.381
16570 114.72
16580 113.97
16590 113.132
16600 112.205
16610 111.19
16620 110.09
16630 108.907
16640 107.645
16650 106.306
16660 104.895
16670 103.418
16680 101.879
16690 100.284
16700 98.6394
16710 96.95
16720 95.2221
16730 93.4616
16740 91.6744
16750 89.8658
16760 88.0414
16770 86.2061
16780 84.3649
16790 82.5221
16800 80.6819
16810 78.8481
16820 77.0243
16830 75.2136
16840 73.4189
16850 71.6426
16860 69.8871
16870 68.1543
16880 66.446
16890 64.7636
16900 63.1084
16910 61.4816
16920 59.8839
16930 58.3161
16940 56.7789
16950 55.2725
16960 53.7973
16970 52.3535
16980 50.9411
16990 49.5603
17000 48.2108
17010 46.8926
17020 45.6055
17030 44.3491
17040 43.1231
17050 41.9273
17060 40.7611
17070 39.6243
17080 38.5162
17090 37.4366
17100 36.3848
17110 35.3604
17120 34.3628
17130 33.3916
17140 32.4461
17150 31.526
17160 30.6305
17170 29.7593
17180 28.9117
17190 28.0872
17200 27.2853
17210 26.5054
17220 25.7471
17230 25.0097
17240 24.2929
17250 23.5961
17260 22.9187
17270 22.2603
17280 21.6204
17290 20.9986
17300 20.3944
17310 19.8072
17320 19.2368
17330 18.6825
17340 18.144
17350 17.621
17360 17.1129
17370 16.6193
17380 16.1399
17390 15.6743
17400 15.2221
17410 14.783
17420 14.3565
17430 13.9423
17440 13.5402
17450 13.1497
17460 12.7706
17470 12.4025
17480 12.0451
17490 11.6982
17500 11.3613
17510 11.0344
17520 10.717
17530 10.4089
17540 10.1099
17550 9.81962
17560 9.53793
17570 9.26456
17580 8.99927
17590 8.74183
17600 8.49204
17610 8.24967
17620 8.01453
17630 7.7864
17640 7.56511
17650 7.35046
17660 7.14226
17670 6.94035
17680 6.74456
17690 6.55471
17700 6.37066
17710 6.19223
17720 6.0193
17730 5.85171
17740 5.68932
17750 5.532
17760 5.37963
17770 5.23207
17780 5.0892
17790 4.95093
17800 4.81712
17810 4.68768
17820 4.56252
17830 4.44152
17840 4.32461
17850 4.21169
17860 4.10268
17870 3.99751
17880 3.89611
17890 3.79841
17900 3.70434
17910 3.61386
17920 3.5269
17930 3.44343
17940 3.3634
17950 3.28679
17960 3.21355
17970 3.14367
17980 3.07714
17990 3.01394
18000 2.95408
18010 2.89755
18020 2.84437
18030 2.79457
18040 2.74816
18050 2.7052
18060 2.66572
18070 2.62979
18080 2.59746
18090 2.56883
18100 2.54398
18110 2.52301
18120 2.50604
18130 2.49319
18140 2.4846
18150 2.48044
18160 2.48088
18170 2.4861
18180 2.49631
18190 2.51173
18200 2.5326
18210 2.5592
18220 2.59179
18230 2.63068
18240 2.6762
18250 2.7287
18260 2.78853
18270 2.85611
18280 2.93185
18290 3.01619
18300 3.1096
18310 3.21257
18320 3.32562
18330 3.4493
18340 3.58418
18350 3.73085
18360 3.88993
18370 4.06206
18380 4.24789
18390 4.44811
18400 4.66342
18410 4.89454
18420 5.14219
18430 5.4071
18440 5.69004
18450 5.99174
18460 6.31295
18470 6.65444
18480 7.01693
18490 7.40115
18500 7.80782
18510 8.23763
18520 8.69125
18530 9.16931
18540 9.67242
18550 10.2011
18560 10.756
18570 11.3375
18580 11.946
18590 12.5819
18600 13.2456
18610 13.9373
18620 14.6572
18630 15.4055
18640 16.1822
18650 16.9874
18660 17.821
18670 18.683
18680 19.573
18690 20.4911
18700 21.4367
18710 22.4097
18720 23.4095
18730 24.4358
18740 25.488
18750 26.5656
18760 27.6679
18770 28.7942
18780 29.944
18790 31.1164
18800 32.3106
18810 33.5258
18820 34.7612
18830 36.0158
18840 37.2888
18850 38.5792
18860 39.886
18870 41.2082
18880 42.545
18890 43.8951
18900 45.2576
18910 46.6315
18920 48.0157
18930 49.4091
18940 50.8108
18950 52.2196
18960 53.6345
18970 55.0545
18980 56.4785
18990 57.9055
19000 59.3345
19010 60.7645
19020 62.1944
19030 63.6234
19040 65.0504
19050 66.4745
19060 67.8948
19070 69.3103
19080 70.7203
19090 72.1237
19100 73.5198
19110 74.9078
19120 76.2868
19130 77.6561
19140 79.0149
19150 80.3624
19160 81.6979
19170 83.0208
19180 84.3303
19190 85.6258
19200 86.9066
19210 88.1721
19220 89.4216
19230 90.6546
19240 91.8705
19250 93.0686
19260 94.2483
19270 95.4092
19280 96.5505
19290 97.6718
19300 98.7724
19310 99.8518
19320 100.909
19330 101.944
19340 102.956
19350 103.944
19360 104.908
19370 105.846
19380 106.759
19390 107.645
19400 108.503
19410 109.332
19420 110.132
19430 110.901
19440 111.639
19450 112.343
19460 113.013
19470 113.647
19480 114.243
19490 114.8
19500 115.316
19510 115.788
19520 116.215
19530 116.594
19540 116.922
19550 117.198
19560 117.418
19570 117.578
19580 117.677
19590 117.71
19600 117.676
19610 117.57
19620 117.389
19630 117.131
19640 116.792
19650 116.37
19660 115.864
19670 115.271
19680 114.589
19690 113.819
19700 112.96
19710 112.013
19720 110.979
19730 109.861
19740 108.66
19750 107.38
19760 106.025
19770 104.6
19780 103.11
19790 101.559
19800 99.9537
19810 98.2995
19820 96.6022
19830 94.8679
19840 93.1023
19850 91.3111
19860 89.4999
19870 87.6739
19880 85.8381
19890 83.9973
19900 82.1558
19910 80.3178
19920 78.4869
19930 76.6666
19940 74.86
19950 73.0698
19960 71.2986
19970 69.5484
19980 67.8214
19990 66.119
20000 64.4428
20010 62.794
20020 61.1737
20030 59.5826
20040 58.0215
20050 56.4909
20060 54.9913
20070 53.5228
20080 52.0857
20090 50.68
20100 49.3058
20110 47.9628
20120 46.6511
20130 45.3703
20140 44.1201
20150 42.9004
20160 41.7105
20170 40.5503
20180 39.4193
20190 38.317
20200 37.2429
20210 36.1965
20220 35.1774
20230 34.1851
20240 33.2189
20250 32.2784
20260 31.3631
20270 30.4724
20280 29.6057
20290 28.7626
20300 27.9425
20310 27.1448
20320 26.3691
20330 25.6147
20340 24.8813
20350 24.1683
20360 23.4751
20370 22.8013
20380 22.1464
20390 21.5099
20400 20.8914
20410 20.2903
20420 19.7063
20430 19.1388
20440 18.5875
20450 18.0519
20460 17.5316
20470 17.0261
20480 16.5352
20490 16.0583
20500 15.5952
20510 15.1453
20520 14.7085
20530 14.2843
20540 13.8723
20550 13.4723
20560 13.0838
20570 12.7067
20580 12.3405
20590 11.985
20600 11.6398
20610 11.3048
20620 10.9795
20630 10.6638
20640 10.3573
20650 10.0598
20660 9.77105
20670 9.49082
20680 9.21887
20690 8.95495
20700 8.69884
20710 8.45034
20720 8.20922
20730 7.97529
20740 7.74834
20750 7.52819
20760 7.31464
20770 7.10752
20780 6.90665
20790 6.71186
20800 6.52299
20810 6.33988
20820 6.16238
20830 5.99033
20840 5.8236
20850 5.66205
20860 5.50554
20870 5.35395
20880 5.20715
20890 5.06502
20900 4.92746
20910 4.79434
20920 4.66557
20930 4.54105
20940 4.42068
20950 4.30437
20960 4.19203
20970 4.08359
20980 3.97897
20990 3.87809
21000 3.78089
21010 3.68732
21020 3.5973
21030 3.5108
21040 3.42777
21050 3.34816
21060 3.27195
21070 3.1991
21080 3.12959
21090 3.06342
21100 3.00056
21110 2.94101
21120 2.88479
21130 2.83191
21140 2.78238
21150 2.73624
21160 2.69352
21170 2.65427
21180 2.61855
21190 2.58643
21200 2.55798
21210 2.5333
21220 2.51248
21230 2.49564
21240 2.48291
21250 2.47443
21260 2.47036
21270 2.47087
21280 2.47614
21290 2.48639
21300 2.50183
21310 2.52271
21320 2.54929
21330 2.58185
21340 2.62069
21350 2.66614
21360 2.71855
21370 2.77828
21380 2.84573
21390 2.92131
21400 3.00548
21410 3.09869
21420 3.20144
21430 3.31424
21440 3.43765
21450 3.57222
21460 3.71856
21470 3.87727
21480 4.04899
21490 4.23438
21500 4.43412
21510 4.64891
21520 4.87945
21530 5.12647
21540 5.39071
21550 5.6729
21560 5.9738
21570 6.29414
21580 6.63467
21590 6.99612
21600 7.37922
21610 7.78468
21620 8.21317
21630 8.66537
21640 9.14189
21650 9.64335
21660 10.1703
21670 10.7232
21680 11.3027
21690 11.909
21700 12.5426
21710 13.2039
21720 13.8929
21730 14.6101
21740 15.3554
21750 16.1291
21760 16.9311
21770 17.7614
21780 18.6198
21790 19.5063
21800 20.4206
21810 21.3624
21820 22.3314
21830 23.3271
21840 24.3493
21850 25.3972
21860 26.4705
21870 27.5684
21880 28.6904
21890 29.8357
21900 31.0036
21910 32.1933
21920 33.4041
21930 34.635
21940 35.8852
21950 37.1538
21960 38.4398
21970 39.7423
21980 41.0603
21990 42.3929
22000 43.739
22010 45.0976
22020 46.4676
22030 47.848
22040 49.2379
22050 50.6361
22060 52.0415
22070 53.4533
22080 54.8702
22090 56.2913
22100 57.7155
22110 59.1419
22120 60.5695
22130 61.9972
22140 63.424
22150 64.8491
22160 66.2714
22170 67.69
22180 69.1041
22190 70.5128
22200 71.9151
22210 73.3102
22220 74.6973
22230 76.0756
22240 77.4444
22250 78.8027
22260 80.1499
22270 81.4853
22280 82.8082
22290 84.1178
22300 85.4135
22310 86.6946
22320 87.9605
22330 89.2105
22340 90.4441
22350 91.6606
22360 92.8595
22370 94.0401
22380 95.2018
22390 96.3441
22400 97.4663
22410 98.568
22420 99.6484
22430 100.707
22440 101.743
22450 102.756
22460 103.745
22470 104.71
22480 105.65
22490 106.563
22500 107.45
22510 108.309
22520 109.139
22530 109.94
22540 110.71
22550 111.448
22560 112.152
22570 112.823
22580 113.457
22590 114.053
22600 114.61
22610 115.125
22620 115.597
22630 116.023
22640 116.401
22650 116.729
22660 117.003
22670 117.221
22680 117.379
22690 117.476
22700 117.507
22710 117.47
22720 117.36
22730 117.177
22740 116.915
22750 116.573
22760 116.147
22770 115.637
22780 115.039
22790 114.354
22800 113.58
22810 112.717
22820 111.766
22830 110.729
22840 109.606
22850 108.402
22860 107.12
22870 105.763
22880 104.336
22890 102.843
22900 101.291
22910 99.6851
22920 98.0305
22930 96.3333
22940 94.5994
22950 92.8347
22960 91.0449
22970 89.2353
22980 87.4114
22990 85.578
23000 83.7399
23010 81.9014
23020 80.0666
23030 78.2391
23040 76.4225
23050 74.6197
23060 72.8334
23070 71.0663
23080 69.3203
23090 67.5975
23100 65.8994
23110 64.2276
23120 62.5832
23130 60.9673
23140 59.3807
23150 57.824
23160 56.2978
23170 54.8025
23180 53.3384
23190 51.9056
23200 50.5042
23210 49.1342
23220 47.7955
23230 46.4878
23240 45.211
23250 43.9649
23260 42.749
23270 41.5631
23280 40.4066
23290 39.2793
23300 38.1806
23310 37.11
23320 36.0672
23330 35.0515
23340 34.0625
23350 33.0996
23360 32.1623
23370 31.2501
23380 30.3624
23390 29.4987
23400 28.6585
23410 27.8412
23420 27.0463
23430 26.2732
23440 25.5215
23450 24.7907
23460 24.0801
23470 23.3894
23480 22.718
23490 22.0654
23500 21.4312
23510 20.8148
23520 20.2159
23530 19.634
23540 19.0685
23550 18.5192
23560 17.9855
23570 17.467
23580 16.9634
23590 16.4742
23600 15.9991
23610 15.5376
23620 15.0894
23630 14.6542
23640 14.2315
23650 13.821
23660 13.4224
23670 13.0354
23680 12.6597
23690 12.2948
23700 11.9406
23710 11.5968
23720 11.2629
23730 10.9389
23740 10.6243
23750 10.3189
23760 10.0226
23770 9.73492
23780 9.45574
23790 9.18481
23800 8.92188
23810 8.66675
23820 8.41918
23830 8.17898
23840 7.94594
23850 7.71986
23860 7.50055
23870 7.28783
23880 7.08151
23890 6.88142
23900 6.68739
23910 6.49926
23920 6.31687
23930 6.14007
23940 5.9687
23950 5.80264
23960 5.64174
23970 5.48587
23980 5.33489
23990 5.1887
24000 5.04716
24010 4.91017
24020 4.77762
24030 4.64941
24040 4.52543
24050 4.40559
24060 4.2898
24070 4.17797
24080 4.07003
24090 3.9659
24100 3.86551
24110 3.7688
24120 3.6757
24130 3.58615
24140 3.50012
24150 3.41754
24160 3.33839
24170 3.26264
24180 3.19024
24190 3.12119
24200 3.05547
24210 2.99307
24220 2.93398
24230 2.87823
24240 2.82581
24250 2.77676
24260 2.7311
24270 2.68887
24280 2.65013
24290 2.61493
24300 2.58334
24310 2.55543
24320 2.53131
24330 2.51108
24340 2.49485
24350 2.48275
24360 2.47493
24370 2.47154
24380 2.47277
24390 2.47879
24400 2.48983
24410 2.5061
24420 2.52785
24430 2.55535
24440 2.58888
24450 2.62875
24460 2.67528
24470 2.72883
24480 2.78977
24490 2.8585
24500 2.93544
24510 3.02104
24520 3.11578
24530 3.22014
24540 3.33465
24550 3.45987
24560 3.59636
24570 3.74472
24580 3.90557
24590 4.07955
24600 4.26734
24610 4.4696
24620 4.68705
24630 4.92039
24640 5.17036
24650 5.4377
24660 5.72315
24670 6.02747
24680 6.35139
24690 6.69567
24700 7.06105
24710 7.44824
24720 7.85796
24730 8.29089
24740 8.7477
24750 9.22901
24760 9.73542
24770 10.2675
24780 10.8257
24790 11.4106
24800 12.0226
24810 12.6619
24820 13.3291
24830 14.0242
24840 14.7475
24850 15.4991
24860 16.2792
24870 17.0876
24880 17.9245
24890 18.7896
24900 19.6828
24910 20.6038
24920 21.5524
24930 22.5282
24940 23.5308
24950 24.5598
24960 25.6145
24970 26.6945
24980 27.7991
24990 28.9277
25000 30.0796
25010 31.254
25020 32.45
25030 33.667
25040 34.904
25050 36.1601
25060 37.4345
25070 38.7262
25080 40.0341
25090 41.3574
25100 42.695
25110 44.0459
25120 45.4091
25130 46.7835
25140 48.1681
25150 49.5619
25160 50.9638
25170 52.3727
25180 53.7876
25190 55.2074
25200 56.6312
25210 58.0579
25220 59.4864
25230 60.9159
25240 62.3452
25250 63.7734
25260 65.1996
25270 66.6228
25280 68.0421
25290 69.4566
25300 70.8654
25310 72.2676
25320 73.6624
25330 75.049
25340 76.4265
25350 77.7943
25360 79.1514
25370 80.4973
25380 81.831
25390 83.1521
25400 84.4597
25410 85.7532
25420 87.032
25430 88.2954
25440 89.5427
25450 90.7735
25460 91.987
25470 93.1827
25480 94.36
25490 95.5183
25500 96.657
25510 97.7756
25520 98.8734
25530 99.9499
25540 101.004
25550 102.036
25560 103.045
25570 104.03
25580 104.99
25590 105.925
25600 106.834
25610 107.716
25620 108.57
25630 109.395
25640 110.19
25650 110.955
25660 111.687
25670 112.386
25680 113.051
25690 113.679
25700 114.269
25710 114.819
25720 115.328
25730 115.793
25740 116.212
25750 116.582
25760 116.902
25770 117.168
25780 117.377
25790 117.527
25800 117.614
25810 117.636
25820 117.588
25830 117.469
25840 117.274
25850 117.001
25860 116.647
25870 116.21
25880 115.687
25890 115.077
25900 114.379
25910 113.592
25920 112.716
25930 111.753
25940 110.702
25950 109.568
25960 108.352
25970 107.057
25980 105.689
25990 104.251
26000 102.749
26010 101.187
26020 99.5722
26030 97.9095
26040 96.2049
26050 94.4645
26060 92.6939
26070 90.8989
26080 89.0849
26090 87.2572
26100 85.4207
26110 83.5801
26120 81.7396
26130 79.9034
26140 78.0751
26150 76.258
26160 74.4551
26170 72.6692
26180 70.9028
26190 69.1578
26200 67.4363
26210 65.7398
26220 64.0697
26230 62.4273
26240 60.8135
26250 59.2291
26260 57.6748
26270 56.1511
26280 54.6584
26290 53.1969
26300 51.7668
26310 50.3682
26320 49.0009
26330 47.665
26340 46.3601
26350 45.0862
26360 43.8428
26370 42.6297
26380 41.4466
26390 40.2929
26400 39.1683
26410 38.0723
26420 37.0044
26430 35.9642
26440 34.9511
26450 33.9646
26460 33.0043
26470 32.0694
26480 31.1597
26490 30.2743
26500 29.413
26510 28.575
26520 27.76
26530 26.9673
26540 26.1964
26550 25.4468
26560 24.7179
26570 24.0094
26580 23.3206
26590 22.6511
26600 22.0004
26610 21.368
26620 20.7534
26630 20.1562
26640 19.5759
26650 19.0121
26660 18.4644
26670 17.9323
26680 17.4153
26690 16.9132
26700 16.4254
26710 15.9517
26720 15.4916
26730 15.0447
26740 14.6107
26750 14.1893
26760 13.78
26770 13.3827
26780 12.9968
26790 12.6222
26800 12.2584
26810 11.9053
26820 11.5624
26830 11.2296
26840 10.9065
26850 10.5929
26860 10.2885
26870 9.993
26880 9.70622
26890 9.42789
26900 9.15778
26910 8.89565
26920 8.6413
26930 8.39449
26940 8.15503
26950 7.9227
26960 7.69732
26970 7.47869
26980 7.26662
26990 7.06094
27000 6.86148
27010 6.66805
27020 6.48051
27030 6.2987
27040 6.12246
27050 5.95164
27060 5.78611
27070 5.62573
27080 5.47036
27090 5.31988
27100 5.17416
27110 5.0331
27120 4.89657
27130 4.76446
27140 4.63668
27150 4.51313
27160 4.39371
27170 4.27832
27180 4.1669
27190 4.05936
27200 3.95561
27210 3.8556
27220 3.75926
27230 3.66653
27240 3.57734
27250 3.49167
27260 3.40945
27270 3.33065
27280 3.25524
27290 3.18319
27300 3.11448
27310 3.0491
27320 2.98705
27330 2.92831
27340 2.8729
27350 2.82083
27360 2.77213
27370 2.72683
27380 2.68497
27390 2.64659
27400 2.61177
27410 2.58056
27420 2.55305
27430 2.52934
27440 2.50952
27450 2.49372
27460 2.48207
27470 2.47471
27480 2.47181
27490 2.47353
27500 2.48008
27510 2.49166
27520 2.50851
27530 2.53086
27540 2.55899
27550 2.59318
27560 2.63374
27570 2.68101
27580 2.73533
27590 2.79708
27600 2.86666
27610 2.9445
27620 3.03105
27630 3.12678
27640 3.23219
27650 3.34781
27660 3.47419
27670 3.6119
27680 3.76154
27690 3.92374
27700 4.09913
27710 4.28839
27720 4.4922
27730 4.71125
27740 4.94627
27750 5.19799
27760 5.46714
27770 5.75448
27780 6.06074
27790 6.38667
27800 6.73302
27810 7.10053
27820 7.48991
27830 7.90187
27840 8.33709
27850 8.79622
27860 9.2799
27870 9.78871
27880 10.3232
27890 10.8839
27900 11.4712
27910 12.0857
27920 12.7275
27930 13.3971
27940 14.0947
27950 14.8204
27960 15.5745
27970 16.3569
27980 17.1677
27990 18.0068
28000 18.8741
28010 19.7695
28020 20.6926
28030 21.6433
28040 22.621
28050 23.6255
28060 24.6563
28070 25.7128
28080 26.7944
28090 27.9006
28100 29.0306
28110 30.1838
28120 31.3595
28130 32.5567
28140 33.7748
28150 35.0127
28160 36.2697
28170 37.5449
28180 38.8372
28190 40.1457
28200 41.4695
28210 42.8075
28220 44.1587
28230 45.5221
28240 46.8966
28250 48.2813
28260 49.675
28270 51.0767
28280 52.4853
28290 53.8999
28300 55.3194
28310 56.7427
28320 58.1688
28330 59.5967
28340 61.0255
28350 62.4541
28360 63.8815
28370 65.3068
28380 66.729
28390 68.1473
28400 69.5607
28410 70.9684
28420 72.3694
28430 73.763
28440 75.1483
28450 76.5245
28460 77.8909
28470 79.2466
28480 80.591
28490 81.9233
28500 83.2428
28510 84.5489
28520 85.8407
28530 87.1179
28540 88.3795
28550 89.6252
28560 90.8541
28570 92.0658
28580 93.2597
28590 94.435
28600 95.5914
28610 96.7281
28620 97.8447
28630 98.9404
28640 100.015
28650 101.067
28660 102.097
28670 103.103
28680 104.086
28690 105.043
28700 105.976
28710 106.882
28720 107.761
28730 108.612
28740 109.434
28750 110.227
28760 110.988
28770 111.717
28780 112.413
28790 113.073
28800 113.698
28810 114.284
28820 114.83
28830 115.334
28840 115.794
28850 116.208
28860 116.573
28870 116.887
28880 117.147
28890 117.35
28900 117.493
28910 117.573
28920 117.587
28930 117.532
28940 117.405
28950 117.201
28960 116.92
28970 116.557
28980 116.11
28990 115.578
29000 114.958
29010 114.25
29020 113.454
29030 112.569
29040 111.596
29050 110.536
29060 109.393
29070 108.168
29080 106.866
29090 105.49
29100 104.045
29110 102.537
29120 100.97
29130 99.3499
29140 97.683
29150 95.9749
29160 94.2317
29170 92.4589
29180 90.6624
29190 88.8475
29200 87.0194
29210 85.183
29220 83.3431
29230 81.5038
29240 79.6691
29250 77.8427
29260 76.0279
29270 74.2276
29280 72.4446
29290 70.6812
29300 68.9395
29310 67.2214
29320 65.5285
29330 63.8622
29340 62.2236
29350 60.6137
29360 59.0333
29370 57.483
29380 55.9634
29390 54.4748
29400 53.0174
29410 51.5913
29420 50.1967
29430 48.8335
29440 47.5015
29450 46.2007
29460 44.9306
29470 43.6911
29480 42.4819
29490 41.3024
29500 40.1525
29510 39.0315
29520 37.939
29530 36.8747
29540 35.8379
29550 34.8281
29560 33.845
29570 32.8878
29580 31.9561
29590 31.0494
29600 30.1671
29610 29.3087
29620 28.4736
29630 27.6614
29640 26.8714
29650 26.1031
29660 25.3561
29670 24.6299
29680 23.9238
29690 23.2374
29700 22.5703
29710 21.9218
29720 21.2916
29730 20.6792
29740 20.0841
29750 19.5059
29760 18.9441
29770 18.3983
29780 17.8681
29790 17.353
29800 16.8526
29810 16.3666
29820 15.8946
29830 15.4361
29840 14.9908
29850 14.5584
29860 14.1385
29870 13.7307
29880 13.3348
29890 12.9503
29900 12.577
29910 12.2146
29920 11.8628
29930 11.5212
29940 11.1895
29950 10.8676
29960 10.5551
29970 10.2518
29980 9.95743
29990 9.6717
30000 9.39439
30010 9.12527
30020 8.86411
30030 8.61069
30040 8.36479
30050 8.12621
30060 7.89475
30070 7.6702
30080 7.45238
30090 7.2411
30100 7.03619
30110 6.83747
30120 6.64478
30130 6.45795
30140 6.27682
30150 6.10125
30160 5.93109
30170 5.76619
30180 5.60643
30190 5.45166
30200 5.30177
30210 5.15663
30220 5.01612
30230 4.88013
30240 4.74856
30250 4.6213
30260 4.49826
30270 4.37933
30280 4.26443
30290 4.15348
30300 4.0464
30310 3.94312
30320 3.84355
30330 3.74765
30340 3.65535
30350 3.56659
30360 3.48133
30370 3.39953
30380 3.32114
30390 3.24613
30400 3.17449
30410 3.10618
30420 3.0412
30430 2.97954
30440 2.92119
30450 2.86618
30460 2.81451
30470 2.76621
30480 2.72132
30490 2.67986
30500 2.6419
30510 2.60749
30520 2.57672
30530 2.54965
30540 2.52638
30550 2.50703
30560 2.4917
30570 2.48054
30580 2.47369
30590 2.47131
30600 2.47358
30610 2.4807
30620 2.49288
30630 2.51034
30640 2.53334
30650 2.56215
30660 2.59706
30670 2.63837
30680 2.68643
30690 2.74158
30700 2.8042
30710 2.87471
30720 2.95352
30730 3.0411
30740 3.13791
30750 3.24446
30760 3.36128
30770 3.48893
30780 3.62797
30790 3.77902
30800 3.9427
30810 4.11965
30820 4.31054
30830 4.51606
30840 4.73691
30850 4.97382
30860 5.22751
30870 5.49872
30880 5.78819
30890 6.09669
30900 6.42495
30910 6.77371
30920 7.14372
30930 7.53568
30940 7.95031
30950 8.38828
30960 8.85025
30970 9.33684
30980 9.84863
30990 10.3862
31000 10.95
31010 11.5405
31020 12.1581
31030 12.8032
31040 13.4761
31050 14.177
31060 14.9061
31070 15.6636
31080 16.4494
31090 17.2636
31100 18.1061
31110 18.9768
31120 19.8756
31130 20.8021
31140 21.756
31150 22.7371
31160 23.7449
31170 24.7788
31180 25.8384
31190 26.9231
31200 28.0323
31210 29.1653
31220 30.3214
31230 31.4998
31240 32.6997
31250 33.9203
31260 35.1608
31270 36.4202
31280 37.6976
31290 38.9921
31300 40.3027
31310 41.6284
31320 42.9682
31330 44.3212
31340 45.6861
31350 47.0621
31360 48.4481
31370 49.843
31380 51.2458
31390 52.6554
31400 54.0708
31410 55.491
31420 56.9149
31430 58.3415
31440 59.7698
31450 61.1987
31460 62.6274
31470 64.0548
31480 65.4799
31490 66.9019
31500 68.3198
31510 69.7328
31520 71.1398
31530 72.5402
31540 73.933
31550 75.3174
31560 76.6926
31570 78.0579
31580 79.4124
31590 80.7555
31600 82.0864
31610 83.4044
31620 84.7089
31630 85.9992
31640 87.2746
31650 88.5345
31660 89.7782
31670 91.0053
31680 92.2149
31690 93.4067
31700 94.5799
31710 95.734
31720 96.8685
31730 97.9826
31740 99.0759
31750 100.148
31760 101.197
31770 102.224
31780 103.228
31790 104.208
31800 105.162
31810 106.092
31820 106.995
31830 107.871
31840 108.719
31850 109.537
31860 110.326
31870 111.084
31880 111.809
31890 112.501
31900 113.157
31910 113.777
31920 114.359
31930 114.9
31940 115.399
31950 115.854
31960 116.263
31970 116.622
31980 116.93
31990 117.183
32000 117.38
32010 117.516
32020 117.589
32030 117.595
32040 117.532
32050 117.395
32060 117.183
32070 116.892
32080 116.52
32090 116.063
32100 115.521
32110 114.891
32120 114.173
32130 113.366
32140 112.471
32150 111.488
32160 110.419
32170 109.266
32180 108.032
32190 106.721
32200 105.337
32210 103.884
32220 102.368
32230 100.795
32240 99.1689
32250 97.4968
32260 95.7842
32270 94.037
32280 92.261
32290 90.4619
32300 88.645
32310 86.8155
32320 84.9783
32330 83.138
32340 81.2988
32350 79.4647
32360 77.6392
32370 75.8257
32380 74.0271
32390 72.246
32400 70.4848
32410 68.7456
32420 67.0302
32430 65.3401
32440 63.6767
32450 62.0412
32460 60.4345
32470 58.8574
32480 57.3105
32490 55.7943
32500 54.3091
32510 52.8552
32520 51.4327
32530 50.0415
32540 48.6818
32550 47.3533
32560 46.0559
32570 44.7893
32580 43.5532
32590 42.3473
32600 41.1712
32610 40.0245
32620 38.9067
32630 37.8174
32640 36.7562
32650 35.7225
32660 34.7157
32670 33.7355
32680 32.7812
32690 31.8524
32700 30.9485
32710 30.0689
32720 29.2131
32730 28.3806
32740 27.5709
32750 26.7834
32760 26.0176
32770 25.2729
32780 24.549
32790 23.8451
32800 23.161
32810 22.4959
32820 21.8496
32830 21.2214
32840 20.611
32850 20.0178
32860 19.4415
32870 18.8815
32880 18.3375
32890 17.809
32900 17.2956
32910 16.7969
32920 16.3125
32930 15.842
32940 15.385
32950 14.9412
32960 14.5102
32970 14.0917
32980 13.6853
32990 13.2907
33000 12.9075
33010 12.5354
33020 12.1742
33030 11.8235
33040 11.4831
33050 11.1526
33060 10.8317
33070 10.5203
33080 10.218
33090 9.92462
33100 9.63985
33110 9.36348
33120 9.09527
33130 8.835
33140 8.58244
33150 8.33739
33160 8.09962
33170 7.86895
33180 7.64518
33190 7.42811
33200 7.21756
33210 7.01336
33220 6.81533
33230 6.62331
33240 6.43714
33250 6.25665
33260 6.0817
33270 5.91214
33280 5.74783
33290 5.58864
33300 5.43444
33310 5.28509
33320 5.14048
33330 5.00049
33340 4.86501
33350 4.73393
33360 4.60716
33370 4.48458
33380 4.36612
33390 4.25168
33400 4.14117
33410 4.03453
33420 3.93167
33430 3.83253
33440 3.73704
33450 3.64514
33460 3.55679
33470 3.47192
33480 3.39051
33490 3.31251
33500 3.23789
33510 3.16663
33520 3.0987
33530 3.0341
33540 2.97282
33550 2.91486
33560 2.86023
33570 2.80895
33580 2.76104
33590 2.71654
33600 2.67548
33610 2.63793
33620 2.60394
33630 2.57359
33640 2.54696
33650 2.52414
33660 2.50525
33670 2.4904
33680 2.47973
33690 2.47339
33700 2.47155
33710 2.47438
33720 2.48207
33730 2.49485
33740 2.51295
33750 2.53662
33760 2.56613
33770 2.60177
33780 2.64386
33790 2.69272
33800 2.74873
33810 2.81226
33820 2.88372
33830 2.96354
33840 3.05217
33850 3.1501
33860 3.25783
33870 3.3759
33880 3.50485
33890 3.64528
33900 3.79778
33910 3.96298
33920 4.14153
33930 4.33411
33940 4.54139
33950 4.7641
33960 5.00294
33970 5.25865
33980 5.53197
33990 5.82364
34000 6.13442
34010 6.46505
34020 6.81627
34030 7.18883
34040 7.58342
34050 8.00076
34060 8.44152
34070 8.90635
34080 9.39587
34090 9.91066
34100 10.4513
34110 11.0182
34120 11.6119
34130 12.2327
34140 12.8811
34150 13.5572
34160 14.2615
34170 14.9939
34180 15.7547
34190 16.5438
34200 17.3614
34210 18.2072
34220 19.0812
34230 19.9833
34240 20.913
34250 21.8702
34260 22.8544
34270 23.8652
34280 24.9022
34290 25.9648
34300 27.0525
34310 28.1645
34320 29.3002
34330 30.459
34340 31.6399
34350 32.8423
34360 34.0653
34370 35.3081
34380 36.5696
34390 37.8491
34400 39.1455
34410 40.458
34420 41.7854
34430 43.1268
34440 44.4812
34450 45.8475
34460 47.2247
34470 48.6118
34480 50.0076
34490 51.4113
34500 52.8216
34510 54.2376
34520 55.6583
34530 57.0826
34540 58.5094
34550 59.9378
34560 61.3667
34570 62.7953
34580 64.2225
34590 65.6473
34600 67.0688
34610 68.4862
34620 69.8985
34630 71.3048
34640 72.7043
34650 74.0961
34660 75.4795
34670 76.8536
34680 78.2176
34690 79.5708
34700 80.9125
34710 82.242
34720 83.5584
34730 84.8613
34740 86.1498
34750 87.4234
34760 88.6815
34770 89.9233
34780 91.1483
34790 92.3559
34800 93.5455
34810 94.7165
34820 95.8683
34830 97.0004
34840 98.1121
34850 99.2029
34860 100.272
34870 101.319
34880 102.344
34890 103.344
34900 104.321
34910 105.273
34920 106.199
34930 107.099
34940 107.972
34950 108.816
34960 109.632
34970 110.417
34980 111.171
34990 111.892
35000 112.58
35010 113.232
35020 113.848
35030 114.425
35040 114.961
35050 115.455
35060 115.905
35070 116.308
35080 116.661
35090 116.963
35100 117.21
35110 117.399
35120 117.528
35130 117.593
35140 117.592
35150 117.52
35160 117.375
35170 117.154
35180 116.854
35190 116.471
35200 116.005
35210 115.453
35220 114.813
35230 114.085
35240 113.267
35250 112.362
35260 111.368
35270 110.289
35280 109.127
35290 107.884
35300 106.564
35310 105.171
35320 103.711
35330 102.189
35340 100.609
35350 98.9771
35360 97.3
35370 95.5831
35380 93.8323
35390 92.0534
35400 90.2519
35410 88.4333
35420 86.6026
35430 84.7648
35440 82.9244
35450 81.0857
35460 79.2524
35470 77.4282
35480 75.6163
35490 73.8195
35500 72.0407
35510 70.2819
35520 68.5454
35530 66.8328
35540 65.1458
35550 63.4856
35560 61.8534
35570 60.2501
35580 58.6765
35590 57.1331
35600 55.6205
35610 54.1389
35620 52.6887
35630 51.2698
35640 49.8823
35650 48.5262
35660 47.2013
35670 45.9075
35680 44.6444
35690 43.4119
35700 42.2094
35710 41.0368
35720 39.8934
35730 38.779
35740 37.693
35750 36.635
35760 35.6044
35770 34.6008
35780 33.6236
35790 32.6723
35800 31.7464
35810 30.8453
35820 29.9685
35830 29.1155
35840 28.2857
35850 27.4785
35860 26.6936
35870 25.9302
35880 25.188
35890 24.4664
35900 23.7649
35910 23.0829
35920 22.4201
35930 21.7759
35940 21.1498
35950 20.5414
35960 19.9502
35970 19.3758
35980 18.8177
35990 18.2755
36000 17.7488
36010 17.2371
36020 16.74
36030 16.2573
36040 15.7884
36050 15.3329
36060 14.8907
36070 14.4611
36080 14.044
36090 13.639
36100 13.2457
36110 12.8638
36120 12.4931
36130 12.1331
36140 11.7836
36150 11.4443
36160 11.1149
36170 10.7952
36180 10.4848
36190 10.1836
36200 9.8912
36210 9.60742
36220 9.33201
36230 9.06473
36240 8.80536
36250 8.55369
36260 8.30948
36270 8.07255
36280 7.84269
36290 7.6197
36300 7.4034
36310 7.1936
36320 6.99012
36330 6.7928
36340 6.60146
36350 6.41595
36360 6.23611
36370 6.06179
36380 5.89285
36390 5.72914
36400 5.57053
36410 5.41689
36420 5.2681
36430 5.12403
36440 4.98457
36450 4.84961
36460 4.71903
36470 4.59275
36480 4.47065
36490 4.35266
36500 4.23868
36510 4.12862
36520 4.02242
36530 3.91999
36540 3.82128
36550 3.7262
36560 3.63472
36570 3.54677
36580 3.46231
36590 3.38129
36600 3.30368
36610 3.22945
36620 3.15858
36630 3.09103
36640 3.02682
36650 2.96592
36660 2.90834
36670 2.8541
36680 2.8032
36690 2.75569
36700 2.71158
36710 2.67092
36720 2.63378
36730 2.6002
36740 2.57027
36750 2.54407
36760 2.5217
36770 2.50327
36780 2.48889
36790 2.47872
36800 2.47288
36810 2.47156
36820 2.47494
36830 2.48321
36840 2.49659
36850 2.51531
36860 2.53964
36870 2.56983
36880 2.60619
36890 2.64904
36900 2.69871
36910 2.75556
36920 2.81997
36930 2.89237
36940 2.97317
36950 3.06284
36960 3.16187
36970 3.27076
36980 3.39004
36990 3.52027
37000 3.66205
37010 3.81597
37020 3.98266
37030 4.16279
37040 4.35701
37050 4.56602
37060 4.79053
37070 5.03126
37080 5.28895
37090 5.56433
37100 5.85815
37110 6.17115
37120 6.5041
37130 6.85772
37140 7.23275
37150 7.62991
37160 8.04989
37170 8.49336
37180 8.96098
37190 9.45335
37200 9.97106
37210 10.5146
37220 11.0846
37230 11.6813
37240 12.3053
37250 12.9568
37260 13.6362
37270 14.3436
37280 15.0792
37290 15.8432
37300 16.6356
37310 17.4564
37320 18.3054
37330 19.1827
37340 20.0878
37350 21.0207
37360 21.981
37370 22.9682
37380 23.982
37390 25.022
37400 26.0874
37410 27.1778
37420 28.2926
37430 29.431
37440 30.5922
37450 31.7757
37460 32.9804
37470 34.2057
37480 35.4506
37490 36.7142
37500 37.9957
37510 39.2939
37520 40.6081
37530 41.9371
37540 43.28
37550 44.6358
37560 46.0034
37570 47.3817
37580 48.7698
37590 50.1666
37600 51.5711
37610 52.9821
37620 54.3987
37630 55.8198
37640 57.2443
37650 58.6714
37660 60.0999
37670 61.5288
37680 62.9572
37690 64.3841
37700 65.8086
37710 67.2297
37720 68.6466
37730 70.0582
37740 71.4637
37750 72.8624
37760 74.2533
37770 75.6356
37780 77.0086
37790 78.3714
37800 79.7234
37810 81.0637
37820 82.3917
37830 83.7066
37840 85.0079
37850 86.2947
37860 87.5666
37870 88.8228
37880 90.0627
37890 91.2857
37900 92.4913
37910 93.6788
37920 94.8477
37930 95.9973
37940 97.1271
37950 98.2364
37960 99.3248
37970 100.392
37980 101.436
37990 102.458
38000 103.456
38010 104.43
38020 105.379
38030 106.302
38040 107.199
38050 108.068
38060 108.91
38070 109.722
38080 110.503
38090 111.254
38100 111.971
38110 112.655
38120 113.303
38130 113.914
38140 114.486
38150 115.018
38160 115.507
38170 115.952
38180 116.349
38190 116.697
38200 116.992
38210 117.233
38220 117.416
38230 117.537
38240 117.595
38250 117.585
38260 117.505
38270 117.352
38280 117.122
38290 116.812
38300 116.42
38310 115.944
38320 115.382
38330 114.732
38340 113.993
38350 113.166
38360 112.25
38370 111.247
38380 110.158
38390 108.986
38400 107.734
38410 106.406
38420 105.005
38430 103.538
38440 102.008
38450 100.422
38460 98.7849
38470 97.103
38480 95.3819
38490 93.6276
38500 91.8458
38510 90.0421
38520 88.2218
38530 86.3902
38540 84.5519
38550 82.7115
38560 80.8732
38570 79.0408
38580 77.2179
38590 75.4076
38600 73.6128
38610 71.8362
38620 70.0799
38630 68.3461
38640 66.6364
38650 64.9524
38660 63.2954
38670 61.6665
38680 60.0666
38690 58.4965
38700 56.9567
38710 55.4476
38720 53.9697
38730 52.523
38740 51.1078
38750 49.7239
38760 48.3715
38770 47.0502
38780 45.7599
38790 44.5004
38800 43.2713
38810 42.0724
38820 40.9031
38830 39.7631
38840 38.652
38850 37.5693
38860 36.5145
38870 35.487
38880 34.4865
38890 33.5123
38900 32.564
38910 31.641
38920 30.7427
38930 29.8687
38940 29.0184
38950 28.1912
38960 27.3867
38970 26.6042
38980 25.8434
38990 25.1036
39000 24.3843
39010 23.6851
39020 23.0054
39030 22.3447
39040 21.7026
39050 21.0786
39060 20.4722
39070 19.883
39080 19.3105
39090 18.7542
39100 18.2138
39110 17.6889
39120 17.1789
39130 16.6835
39140 16.2024
39150 15.735
39160 15.2812
39170 14.8404
39180 14.4123
39190 13.9966
39200 13.5929
39210 13.201
39220 12.8204
39230 12.4509
39240 12.0921
39250 11.7439
39260 11.4057
39270 11.0775
39280 10.7589
39290 10.4496
39300 10.1493
39310 9.85796
39320 9.57516
39330 9.3007
39340 9.03435
39350 8.77588
39360 8.52508
39370 8.28173
39380 8.04562
39390 7.81657
39400 7.59436
39410 7.37882
39420 7.16975
39430 6.967
39440 6.77037
39450 6.57972
39460 6.39487
39470 6.21568
39480 6.04199
39490 5.87366
39500 5.71055
39510 5.55252
39520 5.39945
39530 5.25121
39540 5.10768
39550 4.96874
39560 4.83429
39570 4.70422
39580 4.57842
39590 4.45681
39600 4.33928
39610 4.22576
39620 4.11615
39630 4.01039
39640 3.90839
39650 3.8101
39660 3.71545
39670 3.62438
39680 3.53683
39690 3.45277
39700 3.37215
39710 3.29493
39720 3.22109
39730 3.1506
39740 3.08344
39750 3.01961
39760 2.9591
39770 2.9019
39780 2.84805
39790 2.79754
39800 2.75041
39810 2.7067
39820 2.66645
39830 2.62972
39840 2.59656
39850 2.56706
39860 2.5413
39870 2.51937
39880 2.5014
39890 2.48751
39900 2.47782
39910 2.47251
39920 2.47172
39930 2.47565
39940 2.4845
39950 2.49849
39960 2.51785
39970 2.54284
39980 2.57373
39990 2.61083
40000 2.65444
40010 2.70492
40020 2.76263
40030 2.82795
40040 2.90129
40050 2.9831
40060 3.07383
40070 3.17397
40080 3.28404
40090 3.40456
40100 3.5361
40110 3.67925
40120 3.83462
40130 4.00283
40140 4.18456
40150 4.38046
40160 4.59123
40170 4.81758
40180 5.06024
40190 5.31994
40200 5.59741
40210 5.89342
40220 6.2087
40230 6.54401
40240 6.90008
40250 7.27764
40260 7.67741
40270 8.10007
40280 8.54632
40290 9.01677
40300 9.51206
40310 10.0327
40320 10.5794
40330 11.1524
40340 11.7523
40350 12.3794
40360 13.0342
40370 13.7168
40380 14.4275
40390 15.1664
40400 15.9337
40410 16.7294
40420 17.5535
40430 18.4058
40440 19.2863
40450 20.1947
40460 21.1308
40470 22.0942
40480 23.0846
40490 24.1015
40500 25.1444
40510 26.2128
40520 27.3061
40530 28.4236
40540 29.5647
40550 30.7286
40560 31.9146
40570 33.1218
40580 34.3494
40590 35.5965
40600 36.8623
40610 38.1457
40620 39.4459
40630 40.7619
40640 42.0926
40650 43.4371
40660 44.7943
40670 46.1632
40680 47.5427
40690 48.9319
40700 50.3297
40710 51.7349
40720 53.1467
40730 54.5638
40740 55.9854
40750 57.4103
40760 58.8376
40770 60.2662
40780 61.6952
40790 63.1235
40800 64.5502
40810 65.9743
40820 67.395
40830 68.8113
40840 70.2222
40850 71.6271
40860 73.0249
40870 74.4148
40880 75.7961
40890 77.1679
40900 78.5295
40910 79.8802
40920 81.2191
40930 82.5456
40940 83.859
40950 85.1586
40960 86.4438
40970 87.7139
40980 88.9682
40990 90.2062
41000 91.4273
41010 92.6308
41020 93.8161
41030 94.9828
41040 96.1301
41050 97.2576
41060 98.3645
41070 99.4504
41080 100.515
41090 101.557
41100 102.575
41110 103.571
41120 104.542
41130 105.488
41140 106.408
41150 107.302
41160 108.168
41170 109.006
41180 109.815
41190 110.593
41200 111.339
41210 112.053
41220 112.733
41230 113.377
41240 113.983
41250 114.551
41260 115.078
41270 115.562
41280 116.001
41290 116.393
41300 116.735
41310 117.024
41320 117.258
41330 117.434
41340 117.548
41350 117.598
41360 117.581
41370 117.492
41380 117.33
41390 117.091
41400 116.772
41410 116.371
41420 115.885
41430 115.312
41440 114.652
41450 113.903
41460 113.065
41470 112.139
41480 111.126
41490 110.028
41500 108.846
41510 107.585
41520 106.248
41530 104.84
41540 103.365
41550 101.828
41560 100.236
41570 98.5935
41580 96.9066
41590 95.1814
41600 93.4236
41610 91.639
41620 89.8331
41630 88.0113
41640 86.1786
41650 84.3398
41660 82.4994
41670 80.6616
41680 78.8301
41690 77.0085
41700 75.1998
41710 73.407
41720 71.6326
41730 69.8788
41740 68.1477
41750 66.4409
41760 64.7599
41770 63.1061
41780 61.4805
41790 59.884
41800 58.3173
41810 56.781
41820 55.2756
41830 53.8012
41840 52.3582
41850 50.9465
41860 49.5663
41870 48.2175
41880 46.8998
41890 45.6131
41900 44.3571
41910 43.1315
41920 41.936
41930 40.7701
41940 39.6335
41950 38.5257
41960 37.4462
41970 36.3946
41980 35.3703
41990 34.3728
42000 33.4016
42010 32.4562
42020 31.5361
42030 30.6407
42040 29.7694
42050 28.9218
42060 28.0973
42070 27.2953
42080 26.5154
42090 25.757
42100 25.0196
42110 24.3026
42120 23.6057
42130 22.9282
42140 22.2697
42150 21.6297
42160 21.0078
42170 20.4034
42180 19.8161
42190 19.2455
42200 18.6911
42210 18.1525
42220 17.6293
42230 17.121
42240 16.6273
42250 16.1478
42260 15.682
42270 15.2296
42280 14.7903
42290 14.3637
42300 13.9494
42310 13.5471
42320 13.1565
42330 12.7772
42340 12.409
42350 12.0514
42360 11.7043
42370 11.3674
42380 11.0402
42390 10.7227
42400 10.4145
42410 10.1153
42420 9.8249
42430 9.54308
42440 9.26956
42450 9.00413
42460 8.74656
42470 8.49663
42480 8.25412
42490 8.01884
42500 7.79058
42510 7.56916
42520 7.35437
42530 7.14604
42540 6.944
42550 6.74808
42560 6.5581
42570 6.37391
42580 6.19536
42590 6.0223
42600 5.85458
42610 5.69206
42620 5.53461
42630 5.3821
42640 5.23441
42650 5.09142
42660 4.953
42670 4.81906
42680 4.68949
42690 4.56418
42700 4.44304
42710 4.32598
42720 4.21291
42730 4.10376
42740 3.99843
42750 3.89687
42760 3.799
42770 3.70476
42780 3.6141
42790 3.52696
42800 3.4433
42810 3.36307
42820 3.28624
42830 3.21279
42840 3.14268
42850 3.07591
42860 3.01246
42870 2.95233
42880 2.89552
42890 2.84205
42900 2.79193
42910 2.7452
42920 2.70188
42930 2.66204
42940 2.62571
42950 2.59297
42960 2.56389
42970 2.53857
42980 2.5171
42990 2.49959
43000 2.48618
43010 2.47699
43020 2.47218
43030 2.47193
43040 2.47642
43050 2.48585
43060 2.50045
43070 2.52044
43080 2.5461
43090 2.57769
43100 2.61552
43110 2.65992
43120 2.71121
43130 2.76978
43140 2.836
43150 2.9103
43160 2.99311
43170 3.0849
43180 3.18616
43190 3.29741
43200 3.41917
43210 3.55202
43220 3.69655
43230 3.85337
43240 4.02311
43250 4.20643
43260 4.40401
43270 4.61655
43280 4.84475
43290 5.08933
43300 5.35104
43310 5.63062
43320 5.92881
43330 6.24637
43340 6.58403
43350 6.94254
43360 7.32263
43370 7.725
43380 8.15036
43390 8.59936
43400 9.07265
43410 9.57084
43420 10.0945
43430 10.6441
43440 11.2202
43450 11.8233
43460 12.4536
43470 13.1115
43480 13.7973
43490 14.5113
43500 15.2535
43510 16.0241
43520 16.823
43530 17.6503
43540 18.5059
43550 19.3896
43560 20.3013
43570 21.2405
43580 22.207
43590 23.2005
43600 24.2204
43610 25.2663
43620 26.3376
43630 27.4337
43640 28.554
43650 29.6978
43660 30.8642
43670 32.0527
43680 33.2623
43690 34.4922
43700 35.7415
43710 37.0094
43720 38.2948
43730 39.5968
43740 40.9145
43750 42.2469
43760 43.5928
43770 44.9514
43780 46.3216
43790 47.7023
43800 49.0926
43810 50.4912
43820 51.8973
43830 53.3097
43840 54.7274
43850 56.1494
43860 57.5747
43870 59.0021
43880 60.4308
43890 61.8597
43900 63.2879
43910 64.7144
43920 66.1382
43930 67.5584
43940 68.9741
43950 70.3844
43960 71.7884
43970 73.1854
43980 74.5743
43990 75.9546
44000 77.3253
44010 78.6857
44020 80.035
44030 81.3725
44040 82.6975
44050 84.0094
44060 85.3074
44070 86.5908
44080 87.8591
44090 89.1116
44100 90.3477
44110 91.5667
44120 92.7682
44130 93.9514
44140 95.1159
44150 96.2609
44160 97.386
44170 98.4906
44180 99.574
44190 100.636
44200 101.675
44210 102.691
44220 103.684
44230 104.652
44240 105.595
44250 106.512
44260 107.403
44270 108.266
44280 109.101
44290 109.906
44300 110.68
44310 111.423
44320 112.133
44330 112.808
44340 113.448
44350 114.051
44360 114.614
44370 115.136
44380 115.615
44390 116.048
44400 116.435
44410 116.77
44420 117.054
44430 117.281
44440 117.45
44450 117.557
44460 117.599
44470 117.574
44480 117.477
44490 117.306
44500 117.058
44510 116.73
44520 116.319
44530 115.823
44540 115.24
44550 114.57
44560 113.811
44570 112.963
44580 112.027
44590 111.003
44600 109.895
44610 108.704
44620 107.434
44630 106.089
44640 104.673
44650 103.19
44660 101.647
44670 100.049
44680 98.4006
44690 96.709
44700 94.9798
44710 93.2186
44720 91.4312
44730 89.6232
44740 87.7999
44750 85.9663
44760 84.1271
44770 82.2868
44780 80.4495
44790 78.619
44800 76.7987
44810 74.9918
44820 73.201
44830 71.4288
44840 69.6776
44850 67.9492
44860 66.2453
44870 64.5674
44880 62.9168
44890 61.2946
44900 59.7015
44910 58.1383
44920 56.6055
44930 55.1036
44940 53.6329
44950 52.1935
44960 50.7855
44970 49.4089
44980 48.0636
44990 46.7495
45000 45.4664
45010 44.2139
45020 42.9918
45030 41.7998
45040 40.6373
45050 39.504
45060 38.3995
45070 37.3233
45080 36.2748
45090 35.2536
45100 34.2592
45110 33.2911
45120 32.3486
45130 31.4314
45140 30.5388
45150 29.6703
45160 28.8254
45170 28.0035
45180 27.2041
45190 26.4267
45200 25.6707
45210 24.9357
45220 24.2211
45230 23.5264
45240 22.8511
45250 22.1948
45260 21.5569
45270 20.937
45280 20.3347
45290 19.7493
45300 19.1806
45310 18.6281
45320 18.0913
45330 17.5698
45340 17.0632
45350 16.5712
45360 16.0932
45370 15.6291
45380 15.1782
45390 14.7404
45400 14.3152
45410 13.9023
45420 13.5014
45430 13.1121
45440 12.7341
45450 12.3671
45460 12.0108
45470 11.6649
45480 11.3291
45490 11.0031
45500 10.6866
45510 10.3794
45520 10.0813
45530 9.79191
45540 9.51106
45550 9.23849
45560 8.97398
45570 8.7173
45580 8.46823
45590 8.22658
45600 7.99212
45610 7.76466
45620 7.544
45630 7.32997
45640 7.12238
45650 6.92106
45660 6.72583
45670 6.53653
45680 6.353
45690 6.17509
45700 6.00265
45710 5.83554
45720 5.67361
45730 5.51674
45740 5.3648
45750 5.21765
45760 5.07519
45770 4.9373
45780 4.80387
45790 4.67479
45800 4.54997
45810 4.42931
45820 4.31272
45830 4.2001
45840 4.09139
45850 3.98651
45860 3.88537
45870 3.78793
45880 3.6941
45890 3.60385
45900 3.51711
45910 3.43385
45920 3.35402
45930 3.27758
45940 3.20452
45950 3.1348
45960 3.06841
45970 3.00534
45980 2.9456
45990 2.88917
46000 2.83609
46010 2.78636
46020 2.74002
46030 2.6971
46040 2.65766
46050 2.62174
46060 2.58942
46070 2.56077
46080 2.53589
46090 2.51487
46100 2.49783
46110 2.48489
46120 2.4762
46130 2.47192
46140 2.4722
46150 2.47725
46160 2.48727
46170 2.50247
46180 2.52311
46190 2.54943
46200 2.58173
46210 2.62031
46220 2.66548
46230 2.71759
46240 2.77702
46250 2.84416
46260 2.91941
46270 3.00324
46280 3.0961
46290 3.19849
46300 3.31091
46310 3.43393
46320 3.5681
46330 3.71401
46340 3.87229
46350 4.04357
46360 4.2285
46370 4.42778
46380 4.64208
46390 4.87214
46400 5.11866
46410 5.3824
46420 5.66409
46430 5.96447
46440 6.28431
46450 6.62435
46460 6.98531
46470 7.36794
46480 7.77293
46490 8.20098
46500 8.65276
46510 9.12889
46520 9.62999
46530 10.1566
46540 10.7093
46550 11.2885
46560 11.8946
46570 12.5281
46580 13.1893
46590 13.8783
46600 14.5955
46610 15.341
46620 16.1149
46630 16.9171
46640 17.7477
46650 18.6065
46660 19.4935
46670 20.4083
46680 21.3507
46690 22.3204
46700 23.3169
46710 24.3399
46720 25.3887
46730 26.4629
46740 27.5619
46750 28.6849
46760 29.8313
46770 31.0004
46780 32.1913
46790 33.4033
46800 34.6355
46810 35.887
46820 37.1569
46830 38.4443
46840 39.7482
46850 41.0677
46860 42.4016
46870 43.7491
46880 45.1091
46890 46.4806
46900 47.8625
46910 49.2537
46920 50.6533
46930 52.0601
46940 53.4732
46950 54.8915
46960 56.3139
46970 57.7395
46980 59.1671
46990 60.5959
47000 62.0248
47010 63.4528
47020 64.879
47030 66.3024
47040 67.7221
47050 69.1373
47060 70.5469
47070 71.9502
47080 73.3462
47090 74.7343
47100 76.1134
47110 77.483
47120 78.8421
47130 80.1901
47140 81.5262
47150 82.8498
47160 84.1601
47170 85.4564
47180 86.7381
47190 88.0046
47200 89.2552
47210 90.4894
47220 91.7064
47230 92.9058
47240 94.0869
47250 95.2492
47260 96.392
47270 97.5147
47280 98.6169
47290 99.6978
47300 100.757
47310 101.794
47320 102.807
47330 103.797
47340 104.762
47350 105.702
47360 106.617
47370 107.504
47380 108.364
47390 109.195
47400 109.997
47410 110.768
47420 111.507
47430 112.213
47440 112.884
47450 113.52
47460 114.118
47470 114.676
47480 115.193
47490 115.667
47500 116.096
47510 116.476
47520 116.806
47530 117.083
47540 117.304
47550 117.465
47560 117.565
47570 117.6
47580 117.566
47590 117.461
47600 117.282
47610 117.024
47620 116.686
47630 116.266
47640 115.76
47650 115.167
47660 114.487
47670 113.717
47680 112.859
47690 111.913
47700 110.88
47710 109.762
47720 108.562
47730 107.283
47740 105.929
47750 104.505
47760 103.015
47770 101.465
47780 99.8607
47790 98.2074
47800 96.5112
47810 94.7779
47820 93.0135
47830 91.2234
47840 89.4134
47850 87.5886
47860 85.7541
47870 83.9146
47880 82.0745
47890 80.2378
47900 78.4083
47910 76.5894
47920 74.7841
47930 72.9954
47940 71.2255
47950 69.4768
47960 67.7512
47970 66.0502
47980 64.3754
47990 62.7281
48000 61.1091
48010 59.5194
48020 57.9597
48030 56.4305
48040 54.9322
48050 53.4651
48060 52.0293
48070 50.6249
48080 49.252
48090 47.9103
48100 46.5998
48110 45.3202
48120 44.0713
48130 42.8527
48140 41.664
48150 40.505
48160 39.3751
48170 38.2738
48180 37.2008
48190 36.1555
48200 35.1375
48210 34.1461
48220 33.181
48230 32.2415
48240 31.3271
48250 30.4373
48260 29.5715
48270 28.7293
48280 27.91
48290 27.1132
48300 26.3383
48310 25.5848
48320 24.8521
48330 24.1399
48340 23.4475
48350 22.7744
48360 22.1202
48370 21.4845
48380 20.8666
48390 20.2662
48400 19.6828
48410 19.116
48420 18.5653
48430 18.0303
48440 17.5105
48450 17.0057
48460 16.5153
48470 16.039
48480 15.5763
48490 15.127
48500 14.6907
48510 14.2669
48520 13.8554
48530 13.4559
48540 13.0679
48550 12.6912
48560 12.3254
48570 11.9703
48580 11.6256
48590 11.2909
48600 10.966
48610 10.6507
48620 10.3446
48630 10.0474
48640 9.75905
48650 9.47917
48660 9.20754
48670 8.94394
48680 8.68816
48690 8.43996
48700 8.19914
48710 7.9655
48720 7.73883
48730 7.51896
48740 7.30568
48750 7.09882
48760 6.89821
48770 6.70367
48780 6.51505
48790 6.33217
48800 6.1549
48810 5.98309
48820 5.81658
48830 5.65524
48840 5.49895
48850 5.34756
48860 5.20097
48870 5.05904
48880 4.92167
48890 4.78875
48900 4.66017
48910 4.53583
48920 4.41564
48930 4.29951
48940 4.18735
48950 4.07909
48960 3.97464
48970 3.87393
48980 3.77691
48990 3.6835
49000 3.59366
49010 3.50732
49020 3.42446
49030 3.34502
49040 3.26898
49050 3.1963
49060 3.12696
49070 3.06096
49080 2.99828
49090 2.93891
49100 2.88287
49110 2.83017
49120 2.78083
49130 2.73489
49140 2.69237
49150 2.65333
49160 2.61782
49170 2.58592
49180 2.55771
49190 2.53326
49200 2.5127
49210 2.49612
49220 2.48367
49230 2.47548
49240 2.47171
49250 2.47254
49260 2.47815
49270 2.48876
49280 2.50458
49290 2.52585
49300 2.55286
49310 2.58586
49320 2.62518
49330 2.67114
49340 2.72408
49350 2.78437
49360 2.85243
49370 2.92865
49380 3.0135
49390 3.10743
49400 3.21095
49410 3.32457
49420 3.44885
49430 3.58434
49440 3.73165
49450 3.8914
49460 4.06422
49470 4.25077
49480 4.45175
49490 4.66784
49500 4.89975
49510 5.14823
49520 5.414
49530 5.69781
49540 6.00041
49550 6.32254
49560 6.66496
49570 7.02839
49580 7.41356
49590 7.82118
49600 8.25194
49610 8.7065
49620 9.18548
49630 9.6895
49640 10.2191
49650 10.7748
49660 11.3571
49670 11.9664
49680 12.6031
49690 13.2674
49700 13.9597
49710 14.6802
49720 15.4289
49730 16.2061
49740 17.0116
49750 17.8454
49760 18.7076
49770 19.5977
49780 20.5158
49790 21.4613
49800 22.4341
49810 23.4338
49820 24.4597
49830 25.5115
49840 26.5886
49850 27.6904
49860 28.8161
49870 29.9652
49880 31.1368
49890 32.3303
49900 33.5446
49910 34.7791
49920 36.0328
49930 37.3048
49940 38.5941
49950 39.8999
49960 41.221
49970 42.5566
49980 43.9056
49990 45.267
50000 46.6397
50010 48.0227
50020 49.415
50030 50.8154
50040 52.223
50050 53.6368
50060 55.0556
50070 56.4784
50080 57.9043
50090 59.3321
50100 60.7609
50110 62.1898
50120 63.6176
50130 65.0436
50140 66.4666
50150 67.8858
50160 69.3004
50170 70.7093
50180 72.1118
50190 73.507
50200 74.894
50210 76.2721
50220 77.6405
50230 78.9984
50240 80.3451
50250 81.6798
50260 83.0018
50270 84.3105
50280 85.6052
50290 86.8852
50300 88.1499
50310 89.3986
50320 90.6308
50330 91.8459
50340 93.0432
50350 94.2221
50360 95.3822
50370 96.5227
50380 97.6431
50390 98.7428
50400 99.8213
50410 100.878
50420 101.912
50430 102.923
50440 103.91
50450 104.872
50460 105.809
50470 106.721
50480 107.605
50490 108.461
50500 109.289
50510 110.087
50520 110.855
50530 111.59
50540 112.292
50550 112.96
50560 113.591
50570 114.184
50580 114.738
50590 115.25
50600 115.719
50610 116.142
50620 116.517
50630 116.841
50640 117.111
50650 117.325
50660 117.48
50670 117.573
50680 117.6
50690 117.558
50700 117.444
50710 117.256
50720 116.989
50730 116.642
50740 116.212
50750 115.696
50760 115.093
50770 114.402
50780 113.623
50790 112.754
50800 111.798
50810 110.755
50820 109.627
50830 108.418
50840 107.13
50850 105.768
50860 104.336
50870 102.839
50880 101.283
50890 99.6721
50900 98.0136
50910 96.3128
50920 94.5757
50930 92.8079
50940 91.0153
50950 89.2033
50960 87.3772
50970 85.5419
50980 83.7021
50990 81.8621
51000 80.0261
51010 78.1976
51020 76.3801
51030 74.5767
51040 72.79
51050 71.0225
51060 69.2763
51070 67.5534
51080 65.8554
51090 64.1838
51100 62.5396
51110 60.924
51120 59.3378
51130 57.7816
51140 56.2559
51150 54.7612
51160 53.2977
51170 51.8655
51180 50.4648
51190 49.0954
51200 47.7574
51210 46.4505
51220 45.1744
51230 43.929
51240 42.7139
51250 41.5287
51260 40.373
51270 39.2464
51280 38.1485
51290 37.0787
51300 36.0366
51310 35.0216
51320 34.0333
51330 33.0712
51340 32.1346
51350 31.2231
51360 30.3361
51370 29.4731
51380 28.6335
51390 27.8169
51400 27.0226
51410 26.2502
51420 25.4991
51430 24.7689
51440 24.0589
51450 23.3687
51460 22.6979
51470 22.0459
51480 21.4122
51490 20.7964
51500 20.198
51510 19.6165
51520 19.0516
51530 18.5027
51540 17.9695
51550 17.4515
51560 16.9483
51570 16.4596
51580 15.9848
51590 15.5238
51600 15.076
51610 14.6411
51620 14.2188
51630 13.8087
51640 13.4105
51650 13.0238
51660 12.6484
51670 12.2839
51680 11.93
51690 11.5864
51700 11.2529
51710 10.9291
51720 10.6149
51730 10.3098
51740 10.0137
51750 9.7263
51760 9.44738
51770 9.17669
51780 8.91401
51790 8.65911
51800 8.41177
51810 8.1718
51820 7.93897
51830 7.7131
51840 7.49399
51850 7.28147
51860 7.07534
51870 6.87544
51880 6.68159
51890 6.49364
51900 6.31142
51910 6.13479
51920 5.96359
51930 5.79769
51940 5.63694
51950 5.48122
51960 5.33039
51970 5.18434
51980 5.04295
51990 4.90609
52000 4.77368
52010 4.64559
52020 4.52174
52030 4.40202
52040 4.28636
52050 4.17465
52060 4.06683
52070 3.96282
52080 3.86254
52090 3.76594
52100 3.67294
52110 3.58351
52120 3.49758
52130 3.41511
52140 3.33607
52150 3.26041
52160 3.18812
52170 3.11917
52180 3.05355
52190 2.99125
52200 2.93227
52210 2.87662
52220 2.8243
52230 2.77535
52240 2.7298
52250 2.68768
52260 2.64905
52270 2.61395
52280 2.58248
52290 2.55469
52300 2.53069
52310 2.51058
52320 2.49447
52330 2.4825
52340 2.47482
52350 2.47157
52360 2.47294
52370 2.47912
52380 2.49031
52390 2.50675
52400 2.52867
52410 2.55635
52420 2.59007
52430 2.63014
52440 2.67688
52450 2.73066
52460 2.79183
52470 2.8608
52480 2.938
52490 3.02387
52500 3.11888
52510 3.22354
52520 3.33837
52530 3.46391
52540 3.60074
52550 3.74945
52560 3.91067
52570 4.08505
52580 4.27323
52590 4.47591
52600 4.69379
52610 4.92759
52620 5.17802
52630 5.44584
52640 5.73178
52650 6.03659
52660 6.36103
52670 6.70583
52680 7.07174
52690 7.45947
52700 7.86973
52710 8.3032
52720 8.76055
52730 9.24239
52740 9.74934
52750 10.2819
52760 10.8407
52770 11.4261
52780 12.0385
52790 12.6784
52800 13.3459
52810 14.0415
52820 14.7652
52830 15.5172
52840 16.2976
52850 17.1064
52860 17.9436
52870 18.8089
52880 19.7023
52890 20.6235
52900 21.5723
52910 22.5482
52920 23.5509
52930 24.5799
52940 25.6346
52950 26.7146
52960 27.8192
52970 28.9476
52980 30.0994
52990 31.2735
53000 32.4694
53010 33.6861
53020 34.9229
53030 36.1787
53040 37.4528
53050 38.7441
53060 40.0516
53070 41.3745
53080 42.7117
53090 44.0622
53100 45.4249
53110 46.7989
53120 48.183
53130 49.5763
53140 50.9776
53150 52.386
53160 53.8004
53170 55.2197
53180 56.6429
53190 58.0691
53200 59.4971
53210 60.9259
53220 62.3547
53230 63.7824
53240 65.208
53250 66.6307
53260 68.0494
53270 69.4634
53280 70.8716
53290 72.2733
53300 73.6676
53310 75.0536
53320 76.4306
53330 77.7978
53340 79.1545
53350 80.4998
53360 81.8331
53370 83.1536
53380 84.4607
53390 85.7537
53400 87.032
53410 88.2949
53420 89.5418
53430 90.772
53440 91.985
53450 93.1802
53460 94.357
53470 95.5148
53480 96.6531
53490 97.7711
53500 98.8684
53510 99.9444
53520 100.998
53530 102.03
53540 103.038
53550 104.022
53560 104.982
53570 105.916
53580 106.824
53590 107.705
53600 108.559
53610 109.383
53620 110.178
53630 110.941
53640 111.673
53650 112.371
53660 113.034
53670 113.661
53680 114.25
53690 114.799
53700 115.307
53710 115.77
53720 116.188
53730 116.557
53740 116.875
53750 117.139
53760 117.346
53770 117.494
53780 117.579
53790 117.599
53800 117.549
53810 117.427
53820 117.229
53830 116.953
53840 116.597
53850 116.157
53860 115.631
53870 115.018
53880 114.317
53890 113.527
53900 112.648
53910 111.682
53920 110.629
53930 109.492
53940 108.273
53950 106.977
53960 105.606
53970 104.166
53980 102.662
53990 101.099
54000 99.483
54010 97.8192
54020 96.114
54030 94.373
54040 92.6021
54050 90.807
54060 88.9931
54070 87.1656
54080 85.3295
54090 83.4895
54100 81.6498
54110 79.8145
54120 77.9871
54130 76.1711
54140 74.3694
54150 72.5848
54160 70.8197
54170 69.0761
54180 67.356
54190 65.661
54200 63.9925
54210 62.3516
54220 60.7393
54230 59.1565
54240 57.6038
54250 56.0817
54260 54.5906
54270 53.1307
54280 51.7021
54290 50.305
54300 48.9393
54310 47.6049
54320 46.3015
54330 45.029
54340 43.7872
54350 42.5755
54360 41.3937
54370 40.2414
54380 39.1182
54390 38.0235
54400 36.9569
54410 35.918
54420 34.9062
54430 33.9209
54440 32.9617
54450 32.0281
54460 31.1194
54470 30.2352
54480 29.3749
54490 28.538
54500 27.724
54510 26.9323
54520 26.1624
54530 25.4137
54540 24.6858
54550 23.9782
54560 23.2903
54570 22.6217
54580 21.9718
54590 21.3402
54600 20.7264
54610 20.13
54620 19.5504
54630 18.9874
54640 18.4403
54650 17.9089
54660 17.3926
54670 16.8911
54680 16.404
54690 15.9309
54700 15.4714
54710 15.0251
54720 14.5917
54730 14.1708
54740 13.7621
54750 13.3652
54760 12.9799
54770 12.6058
54780 12.2425
54790 11.8898
54800 11.5474
54810 11.215
54820 10.8924
54830 10.5792
54840 10.2751
54850 9.98006
54860 9.69366
54870 9.4157
54880 9.14595
54890 8.88418
54900 8.63016
54910 8.38369
54920 8.14455
54930 7.91253
54940 7.68746
54950 7.46912
54960 7.25734
54970 7.05194
54980 6.85274
54990 6.65959
55000 6.4723
55010 6.29074
55020 6.11474
55030 5.94416
55040 5.77886
55050 5.6187
55060 5.46355
55070 5.31328
55080 5.16778
55090 5.02691
55100 4.89058
55110 4.75867
55120 4.63108
55130 4.50771
55140 4.38846
55150 4.27326
55160 4.162
55170 4.05463
55180 3.95105
55190 3.8512
55200 3.75502
55210 3.66244
55220 3.57341
55230 3.48788
55240 3.40581
55250 3.32716
55260 3.25189
55270 3.17999
55280 3.11142
55290 3.04619
55300 2.98427
55310 2.92567
55320 2.8704
55330 2.81848
55340 2.76992
55350 2.72476
55360 2.68304
55370 2.64481
55380 2.61013
55390 2.57908
55400 2.55172
55410 2.52817
55420 2.50851
55430 2.49288
55440 2.48139
55450 2.47421
55460 2.47149
55470 2.4734
55480 2.48015
55490 2.49194
55500 2.509
55510 2.53157
55520 2.55993
55530 2.59437
55540 2.63519
55550 2.68273
55560 2.73733
55570 2.79939
55580 2.86929
55590 2.94746
55600 3.03437
55610 3.13047
55620 3.23627
55630 3.35231
55640 3.47912
55650 3.61729
55660 3.76742
55670 3.93013
55680 4.10606
55690 4.29588
55700 4.50029
55710 4.71997
55720 4.95564
55730 5.20805
55740 5.47792
55750 5.766
55760 6.07304
55770 6.3998
55780 6.747
55790 7.11539
55800 7.50568
55810 7.91859
55820 8.35478
55830 8.81493
55840 9.29965
55850 9.80952
55860 10.3451
55870 10.9069
55880 11.4954
55890 12.111
55900 12.754
55910 13.4248
55920 14.1236
55930 14.8506
55940 15.6059
55950 16.3896
55960 17.2017
55970 18.0421
55980 18.9107
55990 19.8073
56000 20.7317
56010 21.6836
56020 22.6626
56030 23.6684
56040 24.7004
56050 25.7581
56060 26.8409
56070 27.9483
56080 29.0795
56090 30.2338
56100 31.4106
56110 32.6089
56120 33.828
56130 35.067
56140 36.3249
56150 37.601
56160 38.8943
56170 40.2037
56180 41.5282
56190 42.867
56200 44.219
56210 45.583
56220 46.9582
56230 48.3435
56240 49.7377
56250 51.1399
56260 52.549
56270 53.964
56280 55.3839
56290 56.8075
56300 58.2339
56310 59.6621
56320 61.091
56330 62.5197
56340 63.9472
56350 65.3725
56360 66.7948
56370 68.213
56380 69.6263
56390 71.0338
56400 72.4347
56410 73.8281
56420 75.2131
56430 76.589
56440 77.9551
56450 79.3104
56460 80.6544
56470 81.9862
56480 83.3053
56490 84.6108
56500 85.9021
56510 87.1787
56520 88.4397
56530 89.6847
56540 90.913
56550 92.124
56560 93.3171
56570 94.4917
56580 95.6473
56590 96.7832
56600 97.8989
56610 98.9938
56620 100.067
56630 101.119
56640 102.147
56650 103.153
56660 104.134
56670 105.091
56680 106.022
56690 106.927
56700 107.805
56710 108.655
56720 109.476
56730 110.267
56740 111.027
56750 111.755
56760 112.449
56770 113.109
56780 113.731
56790 114.316
56800 114.86
56810 115.363
56820 115.821
56830 116.233
56840 116.596
56850 116.908
56860 117.166
56870 117.366
56880 117.507
56890 117.585
56900 117.596
56910 117.538
56920 117.408
56930 117.201
56940 116.916
56950 116.55
56960 116.1
56970 115.565
56980 114.942
56990 114.23
57000 113.43
57010 112.541
57020 111.565
57030 110.502
57040 109.355
57050 108.127
57060 106.822
57070 105.443
57080 103.996
57090 102.485
57100 100.915
57110 99.2931
57120 97.6243
57130 95.9146
57140 94.1699
57150 92.3959
57160 90.5984
57170 88.7826
57180 86.9539
57190 85.1172
57200 83.277
57210 81.4376
57220 79.603
57230 77.7768
57240 75.9623
57250 74.1624
57260 72.38
57270 70.6172
57280 68.8763
57290 67.159
57300 65.467
57310 63.8016
57320 62.1639
57330 60.555
57340 58.9757
57350 57.4265
57360 55.9079
57370 54.4204
57380 52.9641
57390 51.5392
57400 50.1457
57410 48.7836
57420 47.4528
57430 46.153
57440 44.8841
57450 43.6457
57460 42.4375
57470 41.2592
57480 40.1102
57490 38.9903
57500 37.8989
57510 36.8356
57520 35.7998
57530 34.791
57540 33.8088
57550 32.8526
57560 31.9219
57570 31.0161
57580 30.1346
57590 29.2771
57600 28.4429
57610 27.6315
57620 26.8423
57630 26.0748
57640 25.3286
57650 24.6031
57660 23.8978
57670 23.2121
57680 22.5457
57690 21.8979
57700 21.2684
57710 20.6566
57720 20.0622
57730 19.4846
57740 18.9234
57750 18.3782
57760 17.8485
57770 17.334
57780 16.8342
57790 16.3487
57800 15.8771
57810 15.4192
57820 14.9744
57830 14.5425
57840 14.123
57850 13.7157
57860 13.3202
57870 12.9361
57880 12.5633
57890 12.2012
57900 11.8498
57910 11.5085
57920 11.1773
57930 10.8557
57940 10.5436
57950 10.2406
57960 9.94655
57970 9.66114
57980 9.38414
57990 9.11532
58000 8.85445
58010 8.60132
58020 8.3557
58030 8.11739
58040 7.88619
58050 7.6619
58060 7.44433
58070 7.2333
58080 7.02862
58090 6.83013
58100 6.63766
58110 6.45105
58120 6.27013
58130 6.09477
58140 5.92481
58150 5.76011
58160 5.60053
58170 5.44595
58180 5.29624
58190 5.15127
58200 5.01094
58210 4.87512
58220 4.74371
58230 4.61662
58240 4.49373
58250 4.37495
58260 4.26021
58270 4.14941
58280 4.04247
58290 3.93933
58300 3.83991
58310 3.74414
58320 3.65197
58330 3.56335
58340 3.47823
58350 3.39655
58360 3.31829
58370 3.24342
58380 3.1719
58390 3.10372
58400 3.03887
58410 2.97733
58420 2.91912
58430 2.86424
58440 2.8127
58450 2.76453
58460 2.71977
58470 2.67845
58480 2.64062
58490 2.60636
58500 2.57573
58510 2.54881
58520 2.52569
58530 2.5065
58540 2.49134
58550 2.48034
58560 2.47367
58570 2.47147
58580 2.47393
58590 2.48125
58600 2.49363
58610 2.51132
58620 2.53455
58630 2.5636
58640 2.59875
58650 2.64033
58660 2.68867
58670 2.74411
58680 2.80705
58690 2.87789
58700 2.95705
58710 3.04498
58720 3.14218
58730 3.24914
58740 3.36639
58750 3.49449
58760 3.63401
58770 3.78555
58780 3.94976
58790 4.12726
58800 4.31873
58810 4.52486
58820 4.74635
58830 4.98392
58840 5.23831
58850 5.51024
58860 5.80048
58870 6.10976
58880 6.43883
58890 6.78844
58900 7.15933
58910 7.5522
58920 7.96776
58930 8.40669
58940 8.86964
58950 9.35723
58960 9.87005
58970 10.4086
58980 10.9735
58990 11.5651
59000 12.1839
59010 12.8301
59020 13.5041
59030 14.2061
59040 14.9364
59050 15.695
59060 16.4819
59070 17.2973
59080 18.1409
59090 19.0128
59100 19.9126
59110 20.8402
59120 21.7953
59130 22.7774
59140 23.7862
59150 24.8212
59160 25.8818
59170 26.9675
59180 28.0777
59190 29.2116
59200 30.3686
59210 31.5479
59220 32.7486
59230 33.97
59240 35.2113
59250 36.4714
59260 37.7495
59270 39.0447
59280 40.3559
59290 41.6821
59300 43.0225
59310 44.3759
59320 45.7413
59330 47.1177
59340 48.504
59350 49.8992
59360 51.3023
59370 52.7122
59380 54.1278
59390 55.5481
59400 56.9721
59410 58.3987
59420 59.827
59430 61.256
59440 62.6846
59450 64.1119
59460 65.5369
59470 66.9588
59480 68.3765
59490 69.7892
59500 71.196
59510 72.596
59520 73.9885
59530 75.3725
59540 76.7473
59550 78.1121
59560 79.4662
59570 80.8088
59580 82.1392
59590 83.4567
59600 84.7606
59610 86.0503
59620 87.3251
59630 88.5843
59640 89.8274
59650 91.0537
59660 92.2627
59670 93.4537
59680 94.6262
59690 95.7795
59700 96.9131
59710 98.0264
59720 99.1189
59730 100.19
59740 101.239
59750 102.265
59760 103.267
59770 104.246
59780 105.2
59790 106.128
59800 107.03
59810 107.905
59820 108.752
59830 109.569
59840 110.357
59850 111.113
59860 111.837
59870 112.527
59880 113.182
59890 113.801
59900 114.381
59910 114.92
59920 115.418
59930 115.871
59940 116.277
59950 116.635
59960 116.941
59970 117.192
59980 117.386
59990 117.52
